100 83
500 100 0.0 1.0 1.0
32 184
31 54
47 96
3 19
30 51
50 178
24 52
30 117
44 74
42 41
50 54
2 139
22 187
12 20
23 145
44 121
4 134
30 3
48 137
48 45
42 166
4 125
5 26
16 191
41 122
28 100
49 124
50 139
43 47
1 133
1 112
22 34
13 89
43 18
19 5
11 109
34 182
30 122
32 137
4 173
7 110
37 152
6 114
15 191
47 183
44 183
47 56
39 116
21 166
9 107
5 187
37 87
47 15
31 101
46 117
2 163
20 47
11 174
16 8
25 192
14 101
2 104
25 144
16 34
33 129
3 74
7 180
1 174
41 87
30 4
2 7
13 133
16 192
10 63
38 152
14 5
2 105
10 182
20 197
26 169
20 179
45 42
9 1
40 148
18 56
41 108
20 190
23 103
20 155
43 108
13 134
17 176
47 134
20 123
5 154
44 123
28 10
26 97
29 172
48 190
25 190
35 123
3 85
27 113
29 169
14 43
15 16
31 162
23 131
23 37
24 121
24 185
24 143
30 2
13 100
29 34
7 134
50 120
37 116
34 165
12 9
26 24
39 95
25 81
31 139
30 198
32 175
44 173
28 23
24 119
34 189
7 48
16 163
30 59
19 55
30 37
32 90
30 8
15 131
1 4
41 64
7 192
9 61
21 148
11 165
40 38
19 11
18 77
17 38
37 114
14 134
9 71
13 99
5 103
25 62
18 67
7 40
6 179
9 119
38 90
28 63
49 194
44 43
8 112
50 68
27 135
40 151
32 112
12 148
3 95
36 94
14 111
14 79
9 109
49 99
35 10
26 14
38 122
28 140
10 9
36 138
3 138
44 73
50 112
40 74
25 128
49 103
23 134
7 139
20 140
3 42
18 171
13 32
38 85
40 86
5 187
26 182
28 141
5 17
17 55
21 79
19 105
7 157
37 138
45 43
18 51
32 125
23 40
27 46
27 156
11 194
16 107
8 106
50 143
49 103
33 84
46 134
28 165
9 153
41 196
36 196
3 77
24 177
4 118
38 8
17 173
49 87
47 59
6 3
22 161
33 61
43 117
49 24
21 9
34 182
2 190
43 133
26 167
7 23
20 157
30 59
16 197
45 116
44 128
15 162
9 63
12 130
48 177
47 32
49 78
11 43
43 31
37 105
25 136
15 78
15 86
40 75
22 191
28 45
33 38
39 47
42 54
38 127
8 80
20 58
12 73
45 86
43 71
33 199
5 86
11 134
6 36
46 9
18 177
10 32
14 44
13 135
44 82
5 47
40 86
40 8
18 179
45 154
33 196
4 47
15 87
48 171
37 187
33 137
36 82
23 186
18 126
30 189
26 191
17 53
13 3
29 64
22 3
18 187
34 4
37 83
41 158
15 39
24 126
5 33
39 113
25 146
22 152
3 176
24 69
37 33
22 96
13 34
13 141
30 92
31 36
10 141
42 175
33 176
50 163
15 76
31 20
30 130
50 141
44 92
11 135
43 168
9 182
42 150
34 117
12 166
7 37
6 49
19 2
2 135
33 107
39 120
39 5
16 185
5 190
25 76
16 57
49 162
47 48
41 95
47 93
2 104
3 32
30 197
22 51
18 33
22 182
35 79
6 87
4 152
42 31
18 191
45 114
16 142
34 51
44 7
15 36
23 114
17 13
43 175
41 9
15 138
31 75
7 128
9 77
12 148
24 120
43 157
5 197
36 80
43 194
38 180
14 41
45 26
30 99
44 70
35 39
22 7
46 117
39 153
16 22
12 72
33 5
36 85
41 106
37 133
36 79
45 142
6 153
12 108
38 79
5 183
39 9
24 176
42 27
11 194
44 148
28 191
13 148
45 118
13 183
39 197
12 20
25 69
49 160
14 101
50 69
20 146
43 159
22 47
21 188
5 33
49 112
9 157
32 2
27 45
23 54
9 127
31 48
3 41
37 59
28 93
10 33
32 67
34 194
15 167
32 188
6 141
40 99
40 20
16 110
44 91
10 19
28 7
20 113
13 61
50 65
7 137
23 88
48 39
34 189
33 55
33 186
20 76
17 120
41 90
27 171
3 78
29 137
38 80
31 166
35 70
43 36
31 200
11 81
36 181
8 91
50 49
1 71
45 182
1 87
7 76
34 46
25 29
42 158
39 134
35 8
30 85
11 171
46 195
34 8
47 7
42 145
45 114
38 144
25 119
48 158
13 50
45 189
26 174
19 140
8 177
42 158
26 58
7 119
33 63
28 80
2 24
22 148
22 64
20 194
9 117
32 125
40 180
7 200
7
85 95 43 77 97 26 60
72
45 56 74 64 46 63 84 86 81 37 49 77 28 66 90 30 21 60 19 85 83 32 78 91 68 73 7 79 92 98 11 89 51 10 5 82 67 61 16 96 1 75 52 48 94 0 76 17 88 26 29 80 36 50 31 87 55 22 47 23 2 97 69 43 65 99 3 15 13 14 95 35
83
91 30 13 96 75 17 86 77 21 11 34 12 63 61 47 73 38 0 83 65 81 48 58 66 15 39 99 74 59 54 32 69 22 27 9 2 90 41 94 8 72 23 50 60 70 26 35 44 28 10 57 98 40 64 93 82 68 16 88 46 79 76 49 33 37 4 14 20 24 25 5 43 7 62 95 85 97 55 18 56 45 67 84
45
29 55 77 28 99 78 4 38 66 1 10 26 68 15 59 61 16 30 11 49 12 52 64 73 39 51 74 62 7 5 40 24 85 31 36 65 35 47 95 97 56 75 80 86 48
26
88 41 9 1 60 99 92 29 32 43 26 7 38 68 25 45 75 74 61 73 47 66 70 54 57 23
8
94 92 57 97 41 89 8 0
38
4 21 3 44 41 16 40 39 64 77 81 45 8 71 67 0 47 49 11 63 2 83 60 42 30 99 20 24 62 58 75 46 74 95 84 53 52 43
52
49 36 25 92 37 62 31 59 90 86 58 7 21 0 33 69 44 52 71 87 35 56 22 82 88 54 68 41 43 95 19 50 46 91 4 64 93 26 89 38 8 94 28 57 76 78 96 11 23 42 85 24
14
16 29 15 11 42 30 78 41 56 51 18 44 45 43
23
9 56 53 78 66 52 38 82 1 79 47 34 57 49 25 95 89 19 60 41 58 84 32
81
81 22 63 86 13 8 28 34 92 33 36 52 49 75 80 3 97 55 60 70 0 89 30 88 18 77 99 1 76 66 93 78 32 73 74 64 68 7 57 58 51 91 24 26 43 9 84 16 59 82 27 48 20 5 95 96 56 38 14 47 6 85 72 79 71 46 21 23 41 67 37 25 29 65 17 98 44 31 94 87 12
19
69 43 30 12 52 72 17 48 84 53 45 14 44 93 5 64 92 39 60
21
68 53 97 35 83 32 76 77 61 38 59 49 67 98 21 93 41 39 73 65 82
98
72 79 6 85 88 51 33 82 63 36 46 12 50 39 53 64 66 29 14 17 92 65 1 31 97 5 58 3 87 96 61 77 2 8 19 34 23 26 30 75 60 73 55 9 21 78 71 67 69 86 49 47 59 35 57 11 90 4 10 95 22 91 13 0 68 81 99 32 52 24 44 62 37 7 41 25 42 74 43 54 94 15 28 80 83 84 40 20 70 93 38 76 98 56 27 89 48 18
65
19 71 18 33 17 64 37 29 52 65 32 84 7 74 16 96 14 89 51 92 13 47 73 8 97 28 83 93 61 31 76 66 4 1 35 41 80 62 26 91 12 40 10 98 44 48 49 63 57 27 75 30 9 99 23 85 25 3 78 81 45 72 77 24 15
5
3 79 7 9 45
5
18 79 58 2 22
93
91 49 84 41 99 13 33 10 40 11 75 90 35 22 30 89 28 16 73 65 15 17 44 70 14 87 80 2 68 78 29 52 63 5 74 58 54 21 45 34 8 77 18 96 42 0 32 50 81 83 39 53 24 6 92 76 94 98 82 61 57 26 9 25 72 20 37 60 66 46 93 38 4 64 59 86 1 71 36 69 43 31 27 62 85 48 55 88 97 3 51 7 23
10
62 6 72 10 71 31 3 93 22 43
27
68 79 33 31 7 55 59 85 89 63 30 34 69 45 39 24 28 46 74 35 17 48 61 1 66 20 53
99
98 46 30 17 92 99 10 39 9 35 3 83 58 89 34 74 90 19 53 38 45 48 75 50 62 76 41 91 66 24 78 93 49 64 27 71 56 70 79 85 21 51 32 12 63 40 15 57 94 72 44 69 28 61 84 80 2 6 82 20 16 87 52 54 47 88 8 42 68 33 81 86 11 31 5 4 23 96 97 14 65 59 7 95 18 22 37 60 43 77 73 13 26 29 25 36 1 55 67
72
3 28 16 51 7 15 82 83 2 20 77 27 99 1 85 62 71 31 8 19 73 63 43 75 87 18 91 49 38 5 9 56 55 59 23 92 25 57 68 47 76 6 52 69 72 0 36 90 53 30 74 48 10 42 35 84 97 95 21 45 14 11 50 79 39 89 64 93 24 46 61 96
71
49 11 73 74 29 69 35 88 84 14 1 34 27 43 9 54 79 7 71 30 51 75 62 5 39 4 80 55 18 72 26 23 98 6 58 81 21 77 94 44 66 82 15 57 87 60 61 32 2 99 42 8 76 37 20 70 13 83 17 90 85 25 96 10 78 28 47 36 41 3 22
66
48 52 69 13 10 4 45 32 56 99 39 27 40 33 82 3 89 74 1 58 80 12 47 46 64 86 77 98 42 0 49 54 22 5 76 41 59 8 71 7 96 50 15 94 23 60 37 43 75 44 21 28 16 88 87 79 97 31 19 70 63 68 85 9 29 73
58
17 78 10 49 5 59 13 48 61 80 84 74 22 15 63 37 92 3 27 67 0 91 19 54 36 23 86 41 90 51 64 55 18 28 85 79 50 33 2 77 56 6 26 98 31 58 95 88 16 65 71 25 69 30 94 99 66 40
18
20 9 98 29 0 96 93 5 95 60 79 88 47 68 34 58 87 11
51
26 5 10 32 17 68 33 27 60 64 35 25 0 46 70 16 13 91 87 93 15 37 44 99 29 30 49 1 69 34 88 74 63 24 61 52 42 78 56 4 9 14 97 22 23 89 71 21 65 72 51
89
80 23 15 8 49 10 68 16 90 66 77 32 79 84 67 61 92 94 71 27 28 60 47 3 12 96 86 45 22 58 0 62 44 93 91 69 11 38 17 30 59 20 54 51 13 43 70 7 33 82 88 76 65 5 46 18 48 39 56 98 89 81 2 26 24 57 78 19 53 75 97 14 34 95 63 55 1 4 36 50 29 31 35 6 40 99 21 9 73
15
88 48 75 68 51 43 1 49 2 90 15 71 14 59 13
72
63 53 58 9 41 20 92 47 17 33 76 16 62 15 70 42 57 43 59 2 86 88 25 45 34 65 1 72 93 11 55 98 13 27 35 54 26 21 84 22 89 56 23 85 60 49 82 19 5 64 4 66 30 75 80 97 68 91 12 39 73 90 83 38 31 18 8 94 6 99 0 61
53
73 16 49 32 98 70 4 19 26 17 90 60 40 23 12 36 37 29 76 86 10 82 71 58 1 47 22 31 79 87 38 14 6 64 52 56 39 9 66 34 57 80 95 63 67 18 61 97 72 92 48 41 50
55
73 0 21 68 67 91 84 28 20 16 2 48 87 60 36 8 65 5 80 95 70 54 61 4 47 37 99 13 42 27 89 23 77 18 57 32 51 93 49 97 39 29 1 38 62 88 41 82 19 46 33 40 96 50 52
91
61 87 88 65 58 72 40 86 69 9 17 1 8 28 54 27 89 68 29 57 2 78 59 93 91 84 71 44 36 42 46 82 73 95 5 14 79 67 23 99 75 10 7 60 25 31 96 47 62 56 41 64 38 30 85 74 33 53 22 12 11 66 52 15 24 90 77 45 3 19 32 98 6 97 92 63 48 0 51 16 80 35 18 43 37 70 21 94 13 26 34
31
39 9 30 87 17 66 65 78 82 50 34 92 77 59 98 57 90 1 40 10 22 56 18 84 31 99 96 88 8 79 27
35
46 13 83 15 37 31 9 6 41 66 74 94 23 64 86 39 38 48 5 1 80 75 45 76 55 47 36 53 72 21 4 18 95 62 96
40
67 3 4 25 94 65 35 71 55 30 33 97 38 70 82 80 96 79 54 13 43 87 26 23 21 90 40 0 78 7 22 24 28 56 45 83 14 86 93 10
26
35 80 14 28 31 83 32 75 23 9 52 64 67 24 16 53 30 7 49 5 8 88 84 48 93 25
38
60 6 86 16 49 14 71 91 62 54 73 77 61 45 37 90 5 17 76 99 63 59 0 28 57 38 19 66 65 51 50 64 97 74 70 20 32 12
57
27 37 14 32 26 42 58 63 15 95 19 55 47 82 81 29 30 39 44 85 28 11 90 45 72 38 0 92 68 67 1 24 97 91 79 71 78 35 49 48 56 66 80 57 61 52 88 46 7 20 41 53 43 60 70 75 33
100
32 86 85 50 52 68 89 71 91 80 19 81 72 24 77 90 20 14 84 43 11 30 0 96 70 26 60 49 97 7 39 15 56 41 62 92 34 74 46 98 28 31 18 45 44 23 87 4 79 13 6 66 57 64 51 35 36 5 38 65 21 47 1 54 16 17 95 9 55 99 12 78 25 88 76 53 3 61 59 27 67 40 2 42 37 63 93 69 8 58 82 10 94 73 48 29 22 75 33 83
23
43 96 83 99 28 21 10 65 88 64 0 52 19 38 48 14 36 70 95 59 85 74 94
37
57 29 85 47 70 82 9 33 83 88 24 95 80 22 25 30 21 54 11 90 99 19 64 17 18 96 14 86 50 34 39 6 2 67 1 55 76
32
95 19 9 42 57 20 78 70 1 54 2 56 81 50 86 80 59 51 48 23 65 26 40 41 43 93 49 34 37 71 62 75
27
88 39 4 95 99 36 59 26 44 30 35 49 33 68 86 83 24 18 21 64 0 79 20 58 93 77 2
100
94 10 85 34 77 99 29 61 90 60 52 81 16 20 17 43 33 18 69 26 48 47 12 49 41 23 32 93 46 28 53 59 89 13 38 56 80 58 76 19 57 1 50 27 6 36 78 62 3 98 44 64 7 55 63 31 54 86 37 39 79 67 83 74 70 87 84 91 96 25 4 51 82 42 66 22 15 11 2 5 75 24 30 72 92 8 9 68 71 73 40 0 95 45 88 14 21 97 65 35
87
23 76 16 90 96 17 30 36 24 92 81 29 93 73 38 86 13 41 69 65 0 50 26 32 12 27 95 64 67 31 34 52 2 89 59 37 21 45 56 91 11 97 49 70 79 44 19 57 99 6 51 84 47 15 10 22 8 5 48 25 82 74 53 28 35 75 61 68 1 46 83 77 40 55 87 80 3 71 20 62 7 18 63 94 42 14 9
14
93 60 66 94 25 43 39 0 31 18 26 98 50 45
30
87 3 65 53 14 9 77 45 37 54 63 28 22 1 18 11 2 69 64 98 24 25 75 46 5 93 29 72 92 74
46
35 75 10 83 3 58 49 41 13 38 30 78 2 87 20 39 85 50 96 34 97 26 19 1 67 77 68 12 42 61 6 69 8 53 47 54 0 98 73 21 89 94 95 18 51 59
72
24 82 86 51 35 70 40 49 75 57 73 44 17 11 7 79 43 80 38 90 1 47 56 62 97 37 48 8 88 61 55 96 10 3 69 29 18 83 4 27 13 26 20 87 46 85 94 52 14 64 60 2 12 25 34 71 93 58 19 36 39 65 45 78 84 53 72 92 15 32 23 21
30
26 28 14 56 17 65 91 35 76 44 86 39 33 31 58 85 68 38 48 6 34 99 21 8 88 4 87 72 89 71
75
92 47 45 14 62 8 52 48 93 81 6 46 5 83 33 25 2 77 16 53 94 11 15 88 78 55 67 12 17 86 61 10 84 69 0 23 35 90 20 65 39 18 79 44 28 59 9 43 76 91 98 71 26 3 32 96 37 19 66 13 34 60 51 57 22 70 24 74 72 63 40 38 85 73 56
19
75 88 60 62 53 66 24 70 51 71 13 79 98 11 23 21 41 36 82
5
71 66 22 60 26
15
24 5 25 53 10 69 23 75 76 91 57 4 22 15 40
5
84 22 55 98 89
53
9 7 50 26 21 56 20 3 84 16 67 44 80 37 99 61 69 27 75 74 24 97 78 62 23 33 82 93 38 40 14 47 68 8 22 94 89 45 66 96 48 31 43 90 34 92 95 54 28 46 6 49 98
31
41 52 25 57 58 56 1 81 37 55 42 47 65 7 22 69 76 19 11 74 91 21 32 95 4 48 82 73 24 84 79
6
39 0 89 77 80 30
98
71 52 74 20 25 4 84 46 57 86 62 50 95 15 16 60 12 61 69 82 22 30 80 8 75 41 92 94 90 63 9 64 7 37 81 83 43 89 29 33 21 79 40 65 78 23 39 13 35 53 68 51 34 91 2 76 59 55 93 87 73 19 96 77 1 14 3 36 98 6 26 10 49 44 97 72 24 27 88 45 11 28 31 18 5 85 32 0 67 54 58 38 56 42 17 48 66 99
84
62 19 78 57 16 88 68 73 53 61 75 15 25 1 63 23 92 33 28 40 10 60 84 17 2 48 89 94 22 12 41 8 20 14 26 76 87 64 98 66 21 95 80 74 30 85 3 90 6 93 32 86 38 49 27 83 72 77 44 65 99 67 29 37 58 9 70 50 55 81 82 13 54 0 24 39 34 45 97 11 91 31 51 96
11
78 62 1 94 3 48 37 31 57 8 91
82
44 36 75 83 38 25 8 80 35 68 33 23 39 24 45 13 50 78 99 69 61 93 40 6 9 51 72 10 29 60 37 53 49 91 67 0 30 31 41 28 87 86 42 22 94 2 46 12 7 74 95 57 11 54 88 79 97 34 20 14 92 58 21 32 70 19 71 63 81 48 18 85 66 89 76 55 73 64 15 98 90 17
93
97 69 1 60 80 49 67 10 62 24 98 66 88 87 4 21 58 82 84 95 37 94 28 83 23 50 45 11 3 56 43 38 39 35 46 71 12 17 91 9 16 18 7 75 48 26 61 44 14 54 40 51 57 64 19 5 77 68 76 59 27 73 6 92 96 52 55 86 8 47 85 72 63 29 36 31 53 13 0 34 99 65 20 2 41 42 15 79 32 78 93 22 81
100
19 83 53 14 90 49 58 56 94 63 54 2 26 32 91 24 5 93 15 21 36 39 72 46 10 67 4 82 62 74 55 43 88 25 87 13 92 40 86 68 47 45 41 28 8 23 29 12 0 3 81 7 6 11 52 18 85 64 37 1 17 44 73 75 89 78 9 33 48 20 71 31 50 84 51 99 30 57 76 66 96 60 98 77 38 27 61 95 35 34 79 80 22 69 97 70 59 16 42 65
88
80 37 63 84 91 18 19 35 41 93 61 69 79 25 28 77 27 53 9 75 38 22 78 10 57 92 50 7 72 70 3 20 87 30 82 31 48 16 15 1 13 46 60 99 90 5 24 62 54 65 95 42 68 4 89 47 86 64 56 81 43 55 44 8 98 12 76 17 2 36 45 14 74 83 0 58 67 26 11 94 85 73 34 97 88 23 39 52
7
97 80 49 39 65 7 64
80
87 26 24 76 7 55 81 89 53 51 62 4 47 38 28 43 15 12 93 42 67 97 36 44 2 90 88 75 0 54 99 29 72 85 98 11 80 3 73 84 79 52 61 58 46 74 16 91 63 8 17 59 5 39 1 31 65 77 14 13 78 18 50 69 83 49 9 57 70 25 48 35 21 95 37 22 56 30 60 6
94
14 39 73 19 35 90 42 15 47 6 72 58 45 65 24 22 96 95 4 69 32 54 93 76 37 60 46 41 62 74 31 20 89 27 92 49 86 81 48 34 28 21 79 64 59 16 52 84 25 56 94 70 23 78 13 66 5 57 68 88 82 77 71 83 33 91 61 7 63 80 67 8 40 12 44 97 3 2 9 11 1 26 36 30 43 51 50 75 53 10 55 87 0 18
47
55 9 26 81 44 74 11 53 99 3 87 10 16 57 0 75 97 67 79 58 72 42 88 71 98 52 19 66 38 34 62 24 36 20 40 39 15 41 63 77 89 70 54 95 1 13 46
55
61 79 18 86 7 22 12 2 30 24 51 28 1 48 59 97 47 34 15 5 21 14 75 94 4 35 68 41 8 78 81 36 46 33 58 44 31 49 55 99 67 20 60 25 66 84 0 9 32 98 17 10 62 70 11
78
28 84 16 62 57 3 97 68 14 32 75 66 51 94 86 71 41 0 90 58 80 27 19 17 55 35 33 30 44 63 89 82 93 12 67 85 95 49 13 9 56 88 42 29 22 72 83 73 24 59 81 69 26 61 25 20 79 77 50 38 10 53 78 92 52 15 87 65 5 74 23 43 47 34 4 91 76 36
8
4 36 68 30 50 57 83 84
72
42 30 20 83 89 17 85 34 73 52 53 45 37 25 60 96 38 39 79 48 2 3 32 7 19 87 66 97 88 91 59 58 72 46 8 27 29 21 62 0 26 6 84 67 93 99 80 74 10 47 51 5 33 86 23 40 71 15 31 76 14 35 63 43 90 68 95 16 61 65 81 56
6
12 89 90 18 33 63
26
19 78 11 63 40 8 29 1 98 82 10 23 17 9 51 91 2 36 87 18 90 59 68 94 43 6
61
51 43 11 31 28 71 24 63 22 26 96 93 37 44 88 81 50 85 98 17 49 60 68 10 62 18 83 70 23 8 41 52 69 14 58 89 75 84 87 65 38 29 46 56 0 25 95 15 90 36 3 39 53 27 76 21 86 6 2 80 92
20
60 83 53 44 97 25 96 11 3 94 19 74 63 67 88 92 9 0 26 12
50
25 94 9 71 85 95 72 93 64 67 73 63 98 20 15 87 35 54 88 4 59 80 70 42 38 56 44 48 34 39 17 58 96 79 83 7 28 14 50 90 62 55 37 91 6 41 57 3 11 27
65
70 47 7 77 29 24 13 4 23 43 20 36 63 31 49 55 59 53 87 81 86 42 83 56 71 39 76 1 99 92 93 30 5 6 80 48 52 61 95 98 73 27 64 9 44 67 46 51 57 65 78 88 94 14 84 45 25 40 8 28 96 74 11 62 12
17
95 59 83 92 52 14 74 0 19 44 63 36 66 87 32 88 80
80
84 39 67 1 16 55 40 95 92 97 65 56 25 57 94 43 76 3 37 27 69 26 2 33 79 80 44 29 31 13 12 99 93 59 91 64 24 86 7 21 14 46 73 90 49 85 22 35 61 5 23 32 74 60 4 89 71 47 17 58 11 98 77 42 66 81 83 68 41 34 82 88 15 96 48 78 0 45 6 53
42
7 76 26 45 31 13 85 80 3 84 86 97 27 72 12 14 78 24 19 9 59 21 68 43 29 16 62 10 6 52 44 20 15 81 48 74 56 66 38 63 71 18
75
95 73 23 68 49 8 39 35 70 83 20 16 46 6 10 69 42 60 41 77 85 52 64 43 34 47 24 79 37 74 28 81 53 1 5 0 2 30 89 86 94 40 61 29 31 19 44 3 54 27 25 78 17 66 91 18 65 22 32 92 75 38 7 90 56 51 67 84 13 4 45 96 93 63 57
97
47 42 72 21 25 40 4 7 59 28 34 62 37 93 90 65 96 91 66 6 8 94 76 12 24 83 61 5 15 11 64 9 88 77 22 67 31 86 30 80 55 2 1 89 16 41 29 84 20 23 52 54 82 81 43 38 57 56 3 26 69 36 97 98 63 44 75 19 10 51 17 46 27 48 33 95 49 73 35 60 45 13 0 85 92 32 74 71 68 18 14 50 99 39 87 79 58
36
2 58 63 72 92 43 90 29 9 95 57 45 66 71 7 64 48 68 30 24 89 42 77 81 59 75 69 91 67 37 60 35 10 51 13 50
34
97 24 87 99 76 3 14 96 0 32 58 35 30 26 63 70 61 20 42 43 29 21 6 95 86 38 33 28 46 69 23 85 56 59
41
25 80 52 10 37 97 28 67 71 34 8 72 70 45 49 58 61 57 86 54 32 85 46 89 50 40 66 62 53 1 64 9 48 29 65 99 17 88 92 55 0
7
52 28 90 32 60 41 18
42
85 59 38 67 45 6 7 53 43 22 76 80 78 84 27 90 15 40 9 99 26 30 56 32 95 72 39 11 74 75 61 87 10 93 24 29 34 60 4 31 44 86
100
75 20 85 65 13 79 96 31 63 81 29 21 51 25 11 0 27 46 40 6 37 80 99 73 23 58 71 98 18 55 28 44 91 52 90 8 35 15 77 45 54 92 10 53 4 64 43 30 39 19 12 22 78 34 83 59 14 70 69 60 33 97 68 24 82 17 84 48 38 87 62 9 61 86 49 50 93 16 2 57 1 95 72 7 36 76 47 26 41 42 3 74 88 56 94 67 32 89 5 66
23
79 15 12 34 75 69 14 95 31 25 35 46 74 48 30 64 32 45 84 83 52 67 38
20
93 14 43 69 90 77 85 45 36 94 21 19 16 86 92 52 71 72 10 42
56
67 91 2 1 89 69 12 84 7 59 63 83 65 86 17 25 23 96 44 48 46 92 90 42 81 99 70 0 27 31 19 98 93 21 68 28 75 62 71 49 58 14 26 40 5 45 9 41 6 50 87 22 43 77 73 66
73
12 20 73 10 83 80 71 95 50 45 93 24 96 82 61 25 1 33 36 40 13 98 91 64 84 92 42 89 78 37 22 16 74 39 26 29 55 72 54 21 44 23 41 8 99 63 18 27 79 38 70 6 14 76 58 5 65 11 35 57 60 9 88 59 85 17 4 32 19 51 48 28 47
86
39 68 91 2 10 58 61 82 89 59 55 56 1 64 7 65 8 90 27 46 15 60 97 85 22 38 53 28 18 86 76 84 96 81 75 83 49 20 74 99 35 67 73 80 43 3 48 34 5 37 19 9 41 69 70 54 52 14 11 13 0 93 6 79 87 72 23 32 71 47 4 57 40 45 51 16 98 30 66 88 50 62 21 94 17 29
23
65 56 68 67 75 71 10 14 31 74 79 32 85 26 95 21 87 16 41 7 76 18 38
60
59 0 23 47 73 93 42 87 8 9 30 43 99 67 79 1 32 46 16 41 24 82 6 77 18 71 15 36 61 65 37 17 51 92 94 60 70 22 7 29 14 19 13 10 72 26 38 84 81 50 83 52 33 31 11 58 5 90 53 98
89
49 1 91 65 40 78 17 12 61 82 22 19 87 58 26 43 9 51 42 16 96 85 62 68 5 95 56 30 31 80 54 67 33 2 59 52 48 99 13 27 25 71 11 90 24 4 98 39 86 37 77 69 28 15 73 89 79 93 94 45 70 83 44 55 88 63 60 75 81 64 46 38 97 74 35 23 41 53 34 66 76 18 29 47 14 20 10 7 6
55
85 26 46 43 10 42 8 82 45 47 6 87 18 99 67 95 64 44 7 57 61 14 88 66 52 33 30 9 38 1 49 51 60 56 3 59 25 96 36 16 76 90 71 79 41 81 21 39 32 53 72 35 89 34 24
72
99 27 19 65 9 24 96 59 18 60 41 32 33 70 36 17 13 48 71 51 14 54 92 22 23 4 87 34 40 79 78 63 88 39 35 81 12 86 8 85 21 37 91 76 68 61 97 58 29 38 75 11 20 30 50 74 44 0 46 25 49 31 53 93 16 52 1 5 73 83 2 26
69
49 16 52 25 84 87 20 36 48 73 85 42 23 56 69 74 30 94 90 58 91 19 24 76 53 83 51 34 11 43 27 15 44 79 97 35 95 46 71 8 70 57 75 32 29 93 13 12 66 63 28 88 2 31 96 54 21 89 80 62 45 60 68 37 4 10 18 77 92
40
40 78 14 29 49 92 8 50 39 47 24 61 74 7 20 42 22 27 69 72 35 77 93 88 6 16 57 89 85 91 36 26 48 0 54 30 25 80 64 5
30
7 65 70 84 18 6 72 15 3 5 94 71 74 29 28 54 26 23 34 43 68 33 19 22 14 98 82 56 61 73
73
4 69 19 99 64 23 39 45 16 62 11 17 84 76 40 94 85 70 35 31 28 44 54 52 27 93 0 67 34 88 36 3 87 65 1 47 96 98 30 80 66 49 78 12 21 82 68 83 2 73 26 8 53 91 63 37 92 57 22 90 81 59 38 42 14 7 43 15 60 51 20 97 46
85
76 85 91 16 13 18 78 14 22 24 8 90 27 41 36 50 0 63 40 2 58 84 99 60 69 98 65 83 77 96 20 92 15 42 80 70 48 81 30 82 25 34 43 35 66 71 10 11 17 9 44 1 4 47 74 56 6 21 46 7 57 79 39 93 12 49 62 28 97 19 68 73 88 61 31 67 32 5 59 75 53 23 86 55 89
76
93 9 1 7 14 45 19 16 13 6 30 68 72 34 54 17 82 50 59 58 78 49 36 48 84 10 62 70 51 81 76 22 33 69 60 39 47 73 74 65 23 97 89 38 86 61 67 42 31 15 80 66 27 4 24 46 12 37 53 43 29 2 71 35 95 92 88 99 21 83 85 96 8 75 52 91
42
14 71 69 27 83 73 20 21 52 4 65 85 35 89 67 90 38 22 12 93 94 8 0 32 59 23 80 57 55 24 68 7 98 42 53 26 78 30 96 72 3 44
79
68 33 42 55 9 19 20 41 3 87 86 57 22 4 45 47 74 53 88 92 10 38 67 59 83 72 17 14 23 56 39 50 51 8 76 40 64 35 58 43 91 49 80 15 79 37 7 90 12 6 89 25 98 69 26 21 63 24 60 65 78 93 18 31 61 99 1 5 70 66 28 13 36 94 29 11 2 34 85
5
93 30 66 15 29
33
80 50 77 98 30 84 5 10 89 45 43 9 92 49 31 64 83 0 28 82 2 48 94 21 42 96 29 91 15 62 69 81 27
24
27 88 82 65 40 59 50 63 60 28 47 1 74 18 43 75 34 73 19 23 71 97 10 2
26
10 66 46 51 62 40 23 0 85 70 32 25 13 22 90 74 4 26 43 6 49 55 31 41 73 19
99
58 68 63 55 9 89 18 39 28 57 60 25 36 75 67 98 8 49 81 91 31 70 74 23 4 72 66 71 32 64 21 41 50 83 2 35 59 22 97 34 44 26 79 6 16 53 88 40 99 82 51 80 56 46 20 11 47 95 94 33 30 13 96 1 65 93 19 17 90 24 54 78 61 3 84 87 86 43 73 5 85 27 92 0 45 37 42 48 7 38 29 77 52 12 76 10 14 15 62
88
81 71 35 15 74 63 11 23 49 75 61 34 25 4 78 45 12 13 20 36 64 89 19 43 3 68 18 5 8 28 7 48 79 92 22 40 95 0 72 1 41 54 91 9 39 99 59 93 80 10 53 90 67 87 69 73 17 86 97 29 26 31 21 27 47 65 77 52 2 84 83 32 98 16 14 58 38 82 6 94 60 57 50 62 46 55 51 96
94
58 63 49 16 70 24 20 44 51 7 69 68 29 38 79 59 97 33 76 52 66 8 95 87 9 42 55 28 64 34 92 10 17 45 40 11 3 82 43 19 41 86 31 5 80 23 53 12 60 35 90 61 77 27 78 0 6 98 37 36 50 75 13 46 21 54 48 47 96 56 71 39 73 72 89 93 99 85 1 25 91 22 30 15 2 62 84 26 94 18 65 4 14 67
30
56 34 39 92 35 73 82 83 10 97 6 1 43 96 53 47 77 49 11 30 76 37 27 65 28 86 51 36 23 55
59
59 92 26 87 80 98 4 64 17 58 29 54 34 35 90 73 22 25 20 42 23 38 2 15 56 3 1 32 71 24 84 39 7 31 76 72 30 49 85 75 9 67 95 33 81 68 94 47 44 18 74 86 28 79 93 53 89 99 52
59
64 61 24 50 5 77 95 20 49 87 21 63 30 40 46 51 13 48 72 35 18 42 19 26 91 32 38 67 74 45 73 33 27 36 52 55 80 9 68 78 11 43 39 76 94 37 56 82 70 75 6 85 89 98 28 1 96 92 23
44
21 95 36 61 99 29 45 69 59 19 22 8 79 15 49 17 25 46 47 81 14 65 4 53 97 50 20 7 74 76 10 35 27 18 6 23 92 93 44 39 38 78 26 11
60
14 97 76 23 18 77 10 83 71 67 5 3 65 6 51 66 33 59 30 87 75 35 11 32 4 25 60 50 81 38 36 63 57 68 46 62 1 69 29 73 45 9 2 7 53 79 24 44 89 8 40 91 21 98 17 52 22 13 27 49
28
64 23 7 17 24 36 83 32 86 6 97 72 46 2 48 4 98 66 1 76 50 18 20 8 69 34 79 45
18
59 51 47 50 40 36 46 18 58 68 54 76 60 80 69 96 73 43
86
78 91 24 6 58 92 74 18 21 81 19 26 82 32 5 97 45 62 53 95 2 20 50 57 94 8 60 75 47 0 23 71 56 77 13 10 89 59 30 63 28 42 22 40 99 29 17 67 31 11 65 68 35 66 88 36 87 37 70 85 14 27 54 69 73 98 4 12 96 3 46 51 16 39 25 76 38 83 33 86 64 48 55 9 80 90
14
65 35 54 81 82 16 37 8 98 18 38 33 66 56
72
49 90 2 96 21 82 27 26 24 77 55 94 61 10 69 56 93 19 14 39 95 17 99 16 97 11 6 89 1 41 15 75 58 71 28 46 0 44 50 63 98 60 23 32 92 86 52 72 36 42 54 87 31 33 12 84 4 29 59 30 78 45 73 43 65 81 64 85 37 70 13 7
66
56 46 10 34 58 35 4 25 65 38 2 99 64 21 76 84 62 82 93 78 14 44 1 59 72 85 28 6 5 55 89 95 69 33 9 73 22 80 97 51 16 81 19 41 92 7 27 8 49 86 18 90 29 74 48 77 20 45 30 96 23 87 31 68 91 88
18
37 49 71 23 52 93 35 64 97 63 62 55 3 21 51 20 68 28
51
24 37 49 63 44 22 29 81 86 1 20 98 83 93 71 8 68 96 32 60 75 25 53 18 11 42 15 76 91 94 4 61 2 17 87 48 95 34 99 84 50 65 21 80 92 6 9 43 0 69 72
71
25 82 59 98 37 91 8 32 87 92 81 10 50 5 66 73 28 99 0 90 22 49 61 18 54 67 78 68 86 84 85 52 79 42 3 88 30 35 63 1 77 33 31 96 34 14 69 72 36 62 53 64 83 11 12 23 46 15 39 55 71 7 29 89 44 41 95 38 97 20 60
29
79 45 99 47 5 74 59 89 91 84 48 87 62 57 61 54 7 49 70 76 0 77 22 8 80 12 21 23 39
38
42 96 33 25 20 22 77 60 14 45 39 87 46 98 48 61 37 81 78 9 70 84 92 17 38 66 54 91 10 80 67 68 21 49 83 79 36 26
57
32 62 80 87 12 91 6 86 66 14 83 63 26 77 1 23 3 51 82 40 93 61 96 90 73 44 43 59 8 88 55 0 9 25 35 13 58 42 30 22 97 50 53 10 38 89 65 17 15 20 31 4 29 7 75 18 52
78
71 60 14 11 45 17 6 75 42 65 33 74 84 47 51 19 12 85 35 78 88 52 98 62 68 94 36 91 49 16 77 73 32 96 15 29 26 79 58 38 87 39 99 83 18 1 13 44 23 59 2 0 3 56 24 61 7 20 67 27 28 22 86 70 81 34 53 41 25 55 46 82 95 21 63 72 97 66
4
87 60 71 12
6
70 66 57 84 15 73
12
27 22 69 39 29 26 80 35 77 46 25 68
95
2 32 9 93 6 38 28 17 14 81 40 52 54 44 85 29 45 60 84 31 71 16 82 73 46 15 18 76 43 99 47 91 48 7 24 12 4 49 20 92 34 13 5 95 1 89 56 58 66 33 88 94 74 39 53 37 21 67 75 50 59 70 11 78 8 97 3 23 64 63 0 61 25 72 35 51 68 87 30 98 36 42 83 57 90 69 41 77 27 26 19 96 65 55 62
68
72 81 29 45 52 25 59 65 66 98 73 36 5 87 34 27 39 69 99 37 64 16 74 54 80 57 77 9 61 68 13 44 15 30 47 88 24 50 60 89 19 1 11 86 7 46 42 0 28 14 35 17 22 21 6 8 84 70 33 82 49 95 93 79 41 48 85 67
98
61 80 78 3 13 27 67 51 74 38 76 56 9 69 1 28 65 73 72 5 21 17 18 31 77 8 15 34 81 16 44 47 86 91 82 42 41 63 32 2 93 29 96 90 43 52 39 10 24 35 49 85 33 4 68 94 58 26 19 22 95 20 60 46 36 45 92 62 12 66 6 53 88 75 37 97 70 23 99 50 54 84 55 64 14 71 25 83 79 40 59 98 89 7 48 87 0 57
22
69 84 21 87 48 3 64 57 94 75 19 59 60 90 30 78 17 27 15 82 53 72
46
37 8 3 59 94 87 31 49 58 29 56 43 20 62 36 14 65 32 53 4 42 91 54 28 0 5 77 47 90 96 18 48 30 16 81 26 23 73 79 45 52 82 89 11 76 12
73
8 86 87 29 79 42 91 89 3 27 0 2 44 48 92 17 63 35 58 71 18 19 75 20 61 66 85 36 25 88 77 76 26 68 21 53 96 74 46 69 31 28 23 7 43 62 54 5 11 40 93 72 64 50 95 33 24 83 73 12 65 10 49 51 41 97 34 15 45 6 59 4 47
97
7 68 4 69 79 38 42 25 62 31 47 95 21 44 96 67 97 98 35 85 48 76 26 46 33 10 90 3 37 78 53 75 94 64 71 24 56 32 1 36 84 8 23 13 49 41 72 59 80 16 73 86 88 19 20 57 61 92 34 43 40 55 15 28 63 9 89 14 27 45 91 50 5 29 11 66 65 54 74 12 58 0 17 52 77 81 70 22 99 6 2 18 93 87 82 60 39
24
97 5 98 50 39 45 49 48 55 9 61 80 47 71 62 92 24 79 51 73 76 68 87 69
92
88 26 97 94 33 11 17 34 23 73 63 84 64 51 29 98 95 15 71 59 5 61 79 16 89 70 83 12 46 36 92 44 80 22 28 35 74 2 21 55 65 81 18 45 25 91 78 77 53 43 32 10 40 38 14 50 27 62 8 47 1 3 76 69 13 41 96 48 7 30 72 42 49 24 39 52 57 93 67 4 82 60 75 58 6 87 54 9 56 68 66 20
53
2 98 76 84 71 5 32 21 72 54 63 11 35 64 49 57 60 65 90 68 89 41 30 6 79 26 88 52 45 24 39 38 48 19 59 83 1 28 15 25 36 4 47 42 92 75 53 85 12 8 17 82 81
30
61 50 71 73 55 63 51 34 95 58 91 90 36 45 33 65 26 19 56 22 28 83 66 87 27 81 15 69 18 48
74
98 0 11 22 87 82 32 60 63 31 53 37 47 75 46 7 26 57 12 97 21 14 59 41 84 19 56 48 5 71 40 16 93 9 72 18 28 58 66 95 15 80 99 70 25 68 35 51 20 92 54 34 52 55 73 77 23 61 50 74 79 89 90 43 44 64 78 29 27 65 1 76 86 42
60
35 65 38 0 68 56 27 48 71 4 22 62 28 47 89 88 49 53 14 5 46 97 58 75 12 44 74 32 54 16 18 70 37 7 11 25 34 86 40 41 84 55 36 94 67 39 52 6 10 29 19 66 31 61 9 72 91 76 50 59
41
47 99 17 51 49 23 97 81 15 12 66 1 35 32 91 16 86 42 55 41 39 78 88 33 73 21 98 5 13 3 65 67 27 96 93 77 80 60 24 46 62
55
99 7 77 76 14 36 28 47 56 93 91 44 94 5 59 25 10 35 51 3 29 74 53 96 26 6 73 34 68 89 81 86 80 65 15 1 31 83 75 8 18 63 17 43 50 24 84 64 52 48 88 58 4 61 82
47
77 94 62 73 41 34 99 83 76 56 88 87 91 80 29 50 58 4 6 72 53 20 63 37 21 57 74 30 18 61 40 32 16 11 52 97 19 98 81 14 51 86 8 96 15 84 75
80
0 69 13 45 23 99 70 27 90 19 53 76 39 29 42 57 1 71 49 98 66 84 97 22 44 73 14 17 33 6 78 11 52 85 32 46 67 28 36 63 82 80 87 50 92 30 21 20 48 93 40 10 3 64 96 79 34 37 77 75 31 94 72 86 25 55 26 4 65 15 61 56 60 24 5 8 38 91 68 83
46
58 25 12 89 64 45 79 46 73 18 8 37 16 42 27 2 85 50 41 91 40 49 74 92 78 90 99 14 97 15 88 19 32 66 9 65 6 36 48 69 83 75 4 26 56 62
21
5 83 20 79 85 67 60 4 15 76 12 19 33 24 43 9 98 52 65 88 96
34
77 8 73 75 53 24 57 28 7 23 46 5 86 85 72 4 39 10 21 93 81 26 11 82 78 38 20 62 92 99 19 63 45 27
8
49 86 58 17 36 75 8 89
84
20 63 66 52 21 58 90 82 31 91 27 49 34 70 35 28 16 30 60 57 23 32 26 48 69 97 41 93 83 76 56 55 47 65 24 45 72 37 22 86 29 54 67 46 71 33 44 75 85 80 51 59 77 42 15 13 98 64 36 92 2 50 74 88 79 39 62 99 73 0 3 87 5 78 81 6 8 53 61 95 12 89 14 4
44
64 36 50 77 19 73 98 11 88 21 93 9 94 17 92 62 2 65 31 58 74 23 53 33 1 35 42 78 55 67 12 16 71 76 59 99 20 39 7 47 96 95 43 66
83
99 50 36 34 0 83 89 43 33 35 19 68 24 41 29 91 10 20 32 47 73 78 57 64 52 48 27 25 74 28 84 62 66 37 8 5 56 61 70 16 98 23 1 38 96 2 86 15 49 97 90 77 92 12 94 85 93 76 44 17 80 81 59 4 7 30 21 39 71 75 51 3 69 42 67 53 18 63 58 40 46 55 22
42
45 54 36 22 2 62 30 49 25 26 14 50 79 37 7 46 63 81 57 5 56 77 12 16 55 82 94 90 10 74 43 29 85 44 23 69 99 47 89 1 68 72
52
29 55 72 58 65 12 21 17 25 81 60 94 71 10 44 34 95 9 88 2 18 23 93 14 96 68 69 41 26 67 5 33 30 83 19 53 27 89 77 70 50 61 86 28 42 91 39 59 37 54 11 15
58
2 7 24 44 35 14 93 18 79 37 58 32 20 8 94 50 95 84 91 68 31 26 62 55 61 63 57 9 19 87 69 74 1 0 10 80 29 17 66 88 70 4 38 53 72 33 15 47 97 60 45 3 59 22 11 78 12 39
16
69 20 26 9 61 41 78 12 22 92 73 48 33 86 95 0
26
2 15 22 69 11 18 54 57 53 45 91 6 79 1 10 59 76 43 48 95 78 51 64 97 99 28
89
60 59 44 2 81 38 47 85 34 62 39 33 98 6 49 26 42 50 17 13 40 63 67 86 77 64 22 69 23 57 32 73 75 24 5 3 89 35 58 91 95 80 87 37 90 18 83 10 15 61 16 71 20 8 92 74 99 27 25 53 56 78 51 36 48 93 88 84 0 43 55 70 46 45 9 52 21 11 1 29 66 30 12 54 97 68 94 65 28
78
87 76 59 15 83 79 51 96 20 45 41 31 13 95 66 28 30 90 21 32 23 73 53 48 82 85 52 61 44 2 46 57 62 10 92 19 7 27 78 91 12 86 3 60 9 67 29 25 18 56 89 17 22 75 97 99 54 70 16 50 6 68 33 8 36 11 40 74 64 88 77 43 35 71 14 38 47 63
25
72 21 68 47 2 61 96 83 54 13 56 77 79 49 40 89 94 87 27 52 34 18 16 42 11
16
77 1 96 78 33 57 56 46 22 79 34 70 81 55 83 21
88
97 14 98 29 82 9 12 24 25 39 48 70 65 30 92 60 10 78 7 8 84 13 34 15 37 63 94 90 93 55 49 35 57 74 81 91 1 80 22 16 47 69 17 72 19 53 44 89 77 79 31 28 23 2 61 86 75 50 32 87 62 73 38 85 58 76 3 45 27 43 20 5 6 40 18 0 41 88 71 46 36 4 99 21 52 95 83 11
23
75 23 84 11 64 44 22 54 19 34 62 74 58 91 9 94 70 8 4 68 72 39 65
42
89 88 41 29 54 7 13 86 67 30 69 72 20 2 31 81 63 71 35 53 1 58 22 28 93 92 48 52 19 97 79 76 75 37 61 27 77 99 44 83 87 21
49
26 22 74 36 37 84 60 80 66 10 77 78 0 23 62 31 82 48 49 93 64 53 58 92 98 79 13 1 43 88 56 76 18 42 14 27 83 30 94 85 81 6 96 25 67 54 44 28 7
87
75 33 81 3 42 82 11 73 4 99 30 52 29 39 80 97 9 86 34 83 40 72 15 44 35 74 19 59 37 5 64 38 21 91 54 90 67 2 85 28 96 87 84 12 45 76 14 77 18 79 95 63 49 68 69 26 71 92 50 51 70 78 55 47 98 43 36 53 93 32 46 31 1 65 66 13 10 23 62 8 41 25 6 7 20 17 88
12
38 43 66 69 1 32 9 63 8 37 28 20
56
3 45 82 91 74 5 48 60 68 26 73 12 57 61 30 79 88 77 27 90 14 58 2 87 15 41 25 4 75 11 19 97 94 71 50 64 66 80 0 83 49 65 78 17 52 46 99 69 1 23 96 63 37 38 7 76
23
92 60 81 95 91 26 36 1 73 33 42 15 90 65 30 67 24 58 96 61 41 45 35
49
42 0 31 80 11 40 91 99 50 54 23 74 13 26 43 18 14 34 10 76 87 48 58 81 30 37 21 46 9 32 84 51 38 65 97 69 28 47 77 33 82 60 36 24 61 73 57 8 63
85
69 77 65 62 97 15 26 76 43 36 70 30 78 29 89 98 84 7 74 67 92 40 73 27 87 57 9 85 16 96 38 21 35 42 71 31 17 80 39 20 18 61 52 63 28 33 2 56 93 58 32 64 46 24 54 50 60 90 23 79 44 55 45 34 25 6 8 72 10 37 3 53 75 83 14 4 19 81 82 1 99 66 88 0 51
70
77 18 82 23 71 98 58 31 35 29 78 54 56 16 92 61 64 67 69 2 48 1 38 80 65 57 91 76 46 79 62 93 32 75 51 85 47 15 86 97 34 0 28 88 26 50 25 5 59 14 20 99 55 8 43 17 84 95 53 74 68 27 21 40 41 36 13 19 83 9
7
75 66 84 38 72 44 42
36
1 93 16 89 19 36 31 4 57 55 25 41 22 60 73 5 62 2 56 37 32 39 76 86 66 51 77 18 50 17 40 74 35 49 28 53
31
98 6 47 59 11 90 35 81 70 61 84 33 76 62 54 1 83 4 60 39 53 66 94 29 86 65 50 44 17 8 89
73
20 65 94 67 82 85 37 9 28 5 44 75 99 21 56 45 76 12 27 18 11 64 59 38 47 1 79 92 34 25 36 96 24 8 87 35 80 15 14 69 29 72 95 54 43 73 88 78 53 55 50 13 51 16 57 33 2 68 17 31 83 42 60 91 89 93 70 86 63 32 19 10 23
95
63 17 41 7 37 90 15 99 72 60 61 62 49 94 84 76 0 34 77 1 83 47 19 45 56 43 79 78 53 42 64 11 4 22 87 70 27 97 59 58 40 65 36 5 24 89 39 13 50 75 33 35 54 92 14 29 23 20 68 73 46 55 67 71 6 12 82 18 69 44 32 93 38 26 31 52 88 48 95 91 21 3 66 10 57 30 51 25 28 98 8 86 81 74 80
11
99 39 49 54 47 37 88 41 7 60 15
21
3 10 80 57 60 85 93 73 55 92 44 97 61 14 76 56 32 33 31 65 64
75
66 19 86 58 34 32 77 42 33 52 47 16 8 20 76 68 55 7 57 88 62 70 3 81 45 54 67 51 5 27 46 31 21 85 11 13 92 63 2 22 37 49 26 65 23 44 17 78 10 9 95 59 97 82 80 72 24 28 79 91 39 84 41 15 53 89 74 38 1 56 69 36 98 12 30
61
21 7 95 73 83 50 15 53 54 16 64 45 85 78 40 58 79 99 18 49 2 43 44 24 20 12 35 31 8 52 63 33 84 51 90 74 82 69 13 81 23 41 0 80 61 28 59 86 66 5 56 6 62 98 68 19 47 36 30 22 92
100
88 29 35 70 54 46 69 89 48 78 11 93 42 18 51 44 1 4 63 6 16 5 52 45 64 9 91 20 83 19 31 8 37 94 57 72 61 14 59 40 7 82 84 77 95 86 87 99 21 38 3 47 75 24 22 62 13 76 15 67 27 43 53 58 36 28 74 65 60 85 66 0 34 26 32 33 80 23 55 73 79 2 71 68 17 25 90 81 98 97 12 10 92 96 56 30 50 41 49 39
77
7 71 77 60 15 78 91 23 17 36 30 29 67 5 63 69 27 40 58 90 99 46 53 31 37 28 89 62 81 87 82 51 49 56 73 4 1 41 45 39 72 65 3 80 97 38 35 26 74 66 98 88 92 83 24 57 14 70 43 11 18 61 2 64 32 25 22 44 10 42 13 86 19 12 50 59 93
47
51 11 62 94 17 16 63 34 21 84 58 12 1 24 70 5 71 93 53 38 43 61 15 13 67 47 72 3 44 78 75 64 49 27 8 36 35 30 54 31 2 0 80 68 82 18 32
93
53 17 5 25 31 7 13 87 18 86 71 54 20 69 10 2 58 16 63 28 64 68 19 22 23 82 60 42 99 24 46 85 55 43 12 52 90 37 6 4 9 97 75 40 29 72 96 26 61 50 33 27 34 41 80 76 89 57 45 74 81 73 95 47 8 67 36 83 94 92 39 93 56 48 14 49 91 62 65 51 77 38 21 35 70 98 78 15 44 0 3 66 1
79
8 85 21 83 55 46 52 97 0 29 61 9 60 6 56 96 62 41 47 33 35 45 50 68 39 27 16 99 12 93 1 92 42 19 40 43 32 23 74 87 75 18 36 77 53 44 95 67 81 49 26 17 11 90 25 48 15 78 34 98 80 22 20 58 3 86 70 2 91 71 82 5 14 76 31 73 7 57 24
36
50 25 17 74 34 99 14 15 46 79 68 9 58 62 1 45 73 40 26 52 6 94 44 60 47 16 51 27 22 23 72 96 78 67 97 31
100
61 92 30 95 91 5 45 81 76 17 44 52 53 43 71 79 1 16 11 68 12 97 23 15 7 75 9 3 32 87 33 6 49 22 77 85 28 36 31 48 70 73 98 55 27 37 34 54 89 63 60 80 18 4 90 46 67 26 62 25 38 88 83 51 0 58 29 21 39 69 24 2 64 41 78 10 20 66 59 99 40 84 94 13 93 35 19 65 42 47 96 14 56 50 82 8 86 74 72 57
80
69 4 84 50 73 85 61 91 3 25 43 27 81 39 36 14 80 87 28 96 9 46 94 0 58 60 54 90 13 34 65 51 19 12 92 57 59 76 89 52 62 38 53 31 7 26 35 24 41 95 37 16 32 68 88 29 74 17 11 79 47 5 8 10 18 77 86 23 66 97 55 48 40 71 1 33 75 67 99 21
42
3 61 30 56 50 69 27 99 8 70 4 12 11 73 26 14 65 45 6 23 44 39 90 64 75 67 13 96 10 54 80 49 57 97 78 24 31 79 51 83 68 20
18
84 38 42 5 13 59 31 83 45 90 80 16 40 62 55 65 78 4
65
70 29 40 47 95 1 3 50 85 11 4 8 44 45 2 61 7 74 35 49 25 10 53 26 91 92 20 28 21 82 30 9 83 48 37 79 6 87 89 90 42 13 93 69 65 81 39 52 54 18 0 24 33 94 12 15 38 72 71 14 59 56 75 64 46
61
18 56 73 68 82 5 84 4 91 79 49 94 2 75 9 63 20 40 3 67 64 35 77 10 81 80 47 14 25 22 29 93 55 37 54 50 96 46 44 13 61 48 43 31 33 19 85 34 97 83 89 52 76 6 86 17 15 88 28 41 70
47
51 17 95 90 14 24 23 61 85 94 43 8 87 63 56 12 39 22 86 30 71 3 36 81 55 34 82 48 67 25 37 64 50 74 54 89 26 73 65 2 91 41 57 0 47 35 11
64
17 15 62 6 29 60 92 26 30 54 2 66 23 96 90 50 8 67 19 28 93 84 76 94 16 38 5 0 69 83 37 1 88 80 40 59 81 72 68 45 13 57 85 12 75 4 3 87 20 51 39 41 22 82 44 7 46 11 34 14 86 63 36 43
56
28 72 35 42 58 90 47 64 40 24 57 87 30 26 68 10 2 15 7 25 65 20 83 98 14 66 71 75 33 27 80 73 17 12 77 9 50 94 61 91 39 48 82 18 85 46 60 84 8 89 3 59 45 22 69 21
90
8 45 98 27 68 85 35 4 81 90 48 80 65 12 30 15 29 89 69 42 32 59 95 43 51 83 11 97 74 78 31 75 13 77 22 17 92 49 99 6 67 53 79 94 25 52 56 37 18 87 24 39 50 93 20 63 96 84 66 57 86 28 88 58 14 73 7 62 41 3 64 76 47 1 5 91 72 71 16 70 26 60 10 9 55 36 23 61 19 54
62
64 99 49 15 47 33 51 97 45 8 81 44 3 6 54 35 86 76 96 73 70 42 39 66 87 98 11 69 28 68 95 13 34 7 67 38 25 36 53 75 57 85 62 43 41 17 46 65 4 1 91 24 55 9 40 89 48 14 74 59 72 93
51
86 12 33 30 14 17 24 59 18 84 65 5 11 49 96 19 27 36 81 74 42 69 29 70 4 50 85 83 6 68 92 8 64 20 28 9 90 31 95 52 78 76 26 60 23 62 79 25 38 53 61
33
51 44 97 93 0 47 86 4 33 89 30 41 23 80 7 36 20 49 67 5 38 73 76 42 95 45 9 6 78 69 31 12 13
53
41 43 7 28 83 75 54 39 85 68 46 93 61 91 3 74 66 60 47 27 63 33 2 96 79 77 29 5 40 30 57 89 42 53 4 56 44 18 37 26 45 22 49 20 21 97 62 23 11 72 50 70 15
84
66 63 85 78 81 48 64 17 32 12 11 38 4 74 16 5 46 28 88 96 80 1 41 6 44 14 18 13 75 84 53 10 35 36 33 59 54 29 39 7 25 43 2 58 24 52 22 51 57 68 26 90 9 77 72 31 82 55 49 30 79 71 8 34 45 21 47 3 70 50 42 67 40 98 76 73 56 83 19 89 69 95 37 87
19
73 30 83 23 6 42 34 96 92 24 37 74 97 35 65 89 49 69 64
53
50 95 74 92 49 87 91 69 29 1 32 80 84 9 25 41 4 3 96 45 11 7 6 68 93 86 73 67 70 0 90 98 99 81 36 56 79 19 30 60 10 66 72 65 42 61 53 35 71 13 48 8 2
17
39 81 37 89 90 83 57 11 45 43 32 38 8 56 16 67 12
74
99 74 32 84 25 97 51 42 94 43 29 39 54 5 71 79 52 57 17 72 95 53 60 56 66 77 41 33 88 55 82 63 85 9 28 11 30 31 21 89 80 78 47 2 69 87 22 68 40 92 0 59 34 73 3 38 93 98 36 65 49 37 12 16 45 14 91 23 76 15 26 13 6 46
41
82 25 81 17 77 19 51 56 83 61 34 85 29 57 76 88 4 58 84 3 11 87 27 36 97 79 26 60 8 63 45 33 49 53 96 12 66 75 95 41 71
53
59 57 6 30 65 45 34 83 49 29 17 0 79 87 2 96 95 60 19 74 3 4 41 71 43 39 13 18 22 56 91 68 8 69 23 53 64 38 88 61 67 76 98 7 92 5 52 90 55 14 94 78 35
60
59 83 12 91 9 61 17 30 60 82 58 45 51 62 96 44 73 14 35 26 11 98 72 87 4 6 10 68 66 20 50 18 31 29 63 19 54 81 24 71 7 40 67 37 69 53 70 13 16 41 46 79 85 94 86 21 33 49 1 48
41
61 69 92 56 5 0 44 21 91 64 74 2 41 24 36 99 15 4 14 63 60 79 82 97 52 30 98 96 23 51 3 12 66 57 50 39 10 53 78 25 1
59
49 36 80 17 57 68 31 72 10 95 44 50 47 89 15 59 38 13 20 71 42 83 40 11 0 23 99 26 37 22 4 51 64 34 54 78 67 33 21 12 93 29 6 97 45 60 28 8 55 24 84 96 65 58 41 61 87 92 88
50
91 15 36 99 32 95 20 19 22 81 75 68 12 38 54 18 57 21 96 26 7 79 62 52 86 10 87 8 23 69 83 50 61 48 6 35 92 0 45 37 3 63 4 77 9 67 55 82 31 39
21
42 10 55 22 5 11 67 40 26 9 57 94 12 8 92 18 46 32 24 69 43
12
23 46 13 86 34 54 36 9 87 19 50 49
96
49 4 21 79 66 6 95 18 35 84 34 85 61 59 52 58 72 68 3 73 25 2 70 28 47 17 0 97 7 1 11 75 19 27 41 89 20 57 81 99 37 26 96 39 40 88 5 86 29 13 78 30 54 48 65 98 32 87 91 9 23 50 63 8 44 76 46 80 12 51 90 22 24 77 53 71 10 60 74 38 36 15 33 45 64 62 92 67 43 55 93 94 42 16 31 56
63
0 27 80 66 59 41 53 50 6 30 58 33 87 24 23 39 54 79 64 52 10 74 9 48 5 46 69 97 35 68 51 82 42 93 22 20 16 43 49 88 34 13 19 94 47 2 15 77 71 45 91 31 36 70 83 18 14 61 78 1 95 38 99
85
71 15 31 33 41 52 87 42 92 46 75 61 72 86 38 85 30 13 47 48 68 50 1 55 65 29 34 62 0 14 21 79 24 91 51 39 99 89 28 57 20 96 27 82 54 80 49 60 36 8 10 44 74 94 84 98 70 95 67 11 93 77 26 66 35 76 6 22 23 53 64 12 43 4 37 18 81 3 7 40 58 56 5 97 2
5
94 48 10 66 64
91
66 11 84 24 5 74 38 44 93 29 42 22 27 81 33 58 25 90 9 55 23 20 37 62 39 7 8 70 34 43 32 72 65 18 97 35 45 0 68 31 87 16 75 49 26 64 82 73 36 17 48 92 67 6 61 10 86 46 79 95 96 94 59 47 28 2 53 21 91 12 77 41 57 1 71 85 56 80 30 99 76 13 54 98 88 15 63 78 50 14 4
62
83 25 81 96 26 57 95 90 11 36 39 98 63 30 74 58 93 7 70 3 53 20 28 29 60 92 49 94 67 23 87 65 33 38 40 71 75 0 46 15 41 64 5 88 91 13 45 73 62 9 47 17 48 14 76 18 6 21 32 89 10 2
96
75 71 92 25 93 28 45 96 85 13 16 7 51 1 94 20 14 34 18 90 68 39 86 67 36 55 64 72 62 27 76 91 89 54 19 9 26 95 82 61 50 15 42 79 22 21 8 3 0 88 17 4 97 77 52 69 66 23 47 12 81 53 70 74 30 48 29 58 73 44 5 11 43 40 63 6 57 56 2 83 32 37 65 80 38 41 31 24 98 59 33 10 84 46 35 99
40
99 43 93 59 58 18 38 25 54 21 33 6 88 76 37 85 40 68 46 86 27 5 89 35 0 1 96 45 95 67 72 55 4 75 70 78 87 2 36 28
71
98 32 68 22 87 10 86 2 50 28 15 14 65 75 12 31 94 26 38 61 11 33 72 63 59 62 0 99 39 25 43 44 42 77 45 13 93 85 82 88 56 9 21 69 36 95 34 81 3 55 30 18 91 23 41 79 6 84 47 83 60 48 8 74 40 71 1 35 53 73 64
84
38 12 76 15 71 47 8 16 50 27 9 41 0 64 29 56 57 90 5 10 94 84 81 72 2 92 66 75 23 89 82 61 25 77 53 7 11 39 91 69 52 22 44 88 36 40 46 60 13 78 3 63 97 37 48 4 19 83 6 55 65 98 26 67 21 68 93 17 62 87 80 49 30 20 96 54 59 86 24 74 73 70 42 32
30
43 54 29 44 63 36 59 0 68 67 21 80 18 98 33 30 47 64 84 60 23 70 46 35 90 50 49 58 91 1
7
25 86 88 73 93 50 83
33
68 80 31 8 28 98 71 47 19 72 67 84 99 75 54 63 77 95 50 86 36 29 57 58 39 5 1 3 38 18 97 70 6
6
96 38 2 23 40 87
13
22 13 16 62 12 68 85 67 46 90 83 63 76
36
13 97 30 5 21 58 77 93 38 25 92 50 78 12 70 36 61 3 68 74 91 27 17 67 90 2 56 15 32 49 14 63 33 4 60 80
23
6 73 2 79 15 36 1 63 41 10 48 23 22 34 88 46 50 58 40 57 14 67 39
39
21 88 5 26 75 29 58 62 61 55 22 76 4 10 34 91 83 39 35 2 14 78 86 44 32 36 41 56 95 81 67 48 89 65 46 24 82 15 59
98
98 51 78 0 54 2 9 60 22 72 43 71 36 17 92 93 31 94 73 46 11 25 88 70 5 56 19 79 3 55 85 41 49 10 32 23 80 6 50 86 27 7 96 59 95 8 42 44 24 91 45 67 63 62 57 97 38 47 13 4 18 20 26 1 65 14 21 29 48 76 37 28 87 39 90 58 84 30 83 75 99 35 53 89 61 81 33 16 64 74 34 77 68 82 52 69 15 66
15
15 84 16 22 71 29 2 0 58 41 64 43 78 96 61
53
26 17 82 81 52 96 3 90 53 1 13 7 84 32 34 63 74 71 69 23 35 78 37 64 89 46 30 20 62 57 54 33 22 9 5 21 29 94 25 72 51 91 86 18 59 92 14 85 8 39 41 65 67
86
7 18 33 65 32 68 95 16 44 92 41 3 28 56 35 14 38 81 66 64 51 23 4 1 88 61 6 87 91 45 49 36 8 39 26 85 83 94 58 72 20 11 29 63 37 53 55 27 84 43 57 30 97 40 52 99 17 5 71 77 93 50 73 96 25 31 47 12 59 82 60 0 67 9 42 24 98 22 21 79 70 86 74 15 48 10
61
77 82 17 11 65 61 91 78 33 37 38 49 62 53 56 35 64 2 83 45 36 55 1 7 88 15 6 70 90 59 26 22 44 58 46 57 21 28 8 29 48 60 69 95 63 66 86 87 98 18 72 40 19 16 67 71 0 10 12 9 81
58
16 77 91 83 80 30 29 41 95 12 60 48 64 27 45 54 31 8 22 79 92 28 52 42 47 40 55 49 20 19 11 6 18 74 7 3 10 70 89 59 37 94 61 36 33 34 51 62 57 85 2 75 25 87 46 32 99 26
57
79 73 94 82 58 45 12 89 1 24 62 59 22 15 23 90 10 60 26 91 50 25 21 36 37 81 18 55 76 72 98 96 97 68 39 80 42 2 13 47 3 0 41 78 93 5 32 19 70 67 65 7 85 99 56 6 33
13
64 0 94 44 38 57 20 29 17 91 53 48 62
18
66 55 41 89 91 76 92 28 34 99 22 33 90 4 57 67 9 93
26
91 55 98 3 4 14 93 9 80 73 30 37 12 67 32 59 72 47 56 18 52 94 33 19 34 66
40
24 64 97 7 39 49 72 1 63 10 46 28 75 36 70 21 42 69 89 67 81 9 66 32 38 77 14 35 98 87 17 41 73 94 25 19 50 62 16 26
53
96 9 13 92 53 72 0 61 16 38 99 88 58 8 73 11 81 49 48 34 5 30 80 77 97 37 75 84 6 19 71 45 64 17 43 25 21 98 90 67 59 51 56 70 2 27 79 33 50 39 83 63 74
75
21 40 89 3 76 23 51 70 1 65 19 8 26 56 81 16 0 58 13 4 22 15 28 44 12 87 55 36 48 59 29 64 45 52 25 41 94 92 72 50 96 78 20 37 62 39 61 24 32 30 43 33 75 60 42 86 10 31 74 91 90 71 34 57 9 35 6 18 38 97 99 53 14 17 69
32
8 32 71 1 85 99 37 22 56 64 30 7 26 77 67 59 13 52 96 97 61 86 35 9 89 55 62 18 76 38 33 15
83
97 23 99 33 61 32 66 4 18 2 25 70 71 43 80 69 39 20 51 63 48 27 92 49 22 62 93 91 26 59 73 76 54 55 5 36 28 90 72 58 57 56 96 67 14 84 68 74 34 17 44 81 37 16 19 30 52 15 94 82 35 11 6 9 50 47 42 13 78 1 88 53 77 79 75 89 0 10 87 7 21 85 60
50
94 42 39 58 45 79 53 14 0 1 20 12 91 60 15 57 2 95 33 43 83 25 26 78 30 27 99 62 7 64 4 71 67 54 8 84 97 70 13 22 75 6 65 35 74 59 19 3 41 63
79
35 16 11 60 89 58 97 76 37 48 59 64 1 30 77 62 31 79 94 32 24 5 2 4 84 43 47 10 93 52 13 55 65 17 66 45 36 21 74 70 6 49 71 51 44 29 25 85 46 14 63 23 83 72 61 78 38 69 86 39 7 8 95 54 34 96 3 42 91 88 56 53 0 75 92 98 87 15 12
21
77 88 3 16 5 36 48 32 53 29 27 62 22 0 40 2 59 44 72 65 35
13
21 27 45 26 42 56 80 82 50 19 62 33 10
51
54 29 80 17 5 64 79 89 18 42 62 68 51 37 13 36 19 88 21 32 49 77 34 75 7 61 83 44 24 59 72 90 4 85 3 39 45 20 93 33 1 92 30 43 60 96 11 26 48 78 63
52
14 90 49 24 53 61 1 3 0 41 71 91 99 22 54 64 66 67 15 31 70 56 13 39 45 11 32 97 69 88 81 40 68 2 58 95 29 55 83 6 30 12 72 87 86 5 42 19 65 23 28 36
59
4 68 23 44 29 87 82 47 40 98 24 41 37 94 62 93 71 56 30 28 46 72 69 90 97 48 63 16 39 13 6 11 42 50 0 83 92 60 45 5 61 33 64 70 67 31 14 76 81 51 17 58 3 85 21 38 54 19 73
99
9 53 89 12 3 97 86 48 36 82 16 62 55 92 42 57 96 2 85 32 10 27 13 64 56 94 69 58 30 11 34 4 35 6 59 8 5 63 47 76 54 68 60 43 14 18 71 79 33 17 93 77 87 38 84 99 61 19 46 24 52 83 90 37 31 72 70 75 49 25 44 74 95 40 51 7 28 91 78 39 65 26 15 67 23 66 20 88 22 29 73 50 41 45 98 0 80 21 81
37
59 47 58 1 33 96 46 54 74 43 36 85 57 22 25 18 2 60 56 94 76 4 19 64 27 24 51 29 23 84 79 5 14 41 89 34 31
9
86 84 16 49 51 23 83 20 21
88
16 49 5 69 2 98 32 71 92 68 79 87 21 55 74 63 94 58 13 61 6 31 15 28 89 35 81 27 29 84 23 40 18 51 38 14 42 9 86 99 57 8 39 70 33 7 77 26 72 59 91 67 85 37 25 44 46 24 34 47 36 3 12 82 97 41 1 11 95 52 20 30 56 0 76 64 17 60 88 53 75 43 10 50 83 80 19 73
48
19 10 46 36 0 88 97 77 58 92 55 74 5 73 27 70 8 83 91 60 95 96 69 54 65 41 7 26 31 40 52 6 81 30 62 24 34 90 39 61 42 43 9 72 75 51 13 71
91
63 16 11 17 95 2 86 47 73 10 71 5 57 98 34 91 3 94 40 97 32 80 62 42 53 27 12 69 30 38 88 85 43 58 65 35 78 6 83 1 93 64 51 84 26 37 31 20 56 14 72 52 66 45 82 23 24 76 25 60 4 9 79 54 36 81 48 70 41 29 8 7 75 59 49 19 67 99 13 96 22 74 77 87 0 50 89 92 44 15 18
97
25 46 45 26 92 28 32 74 29 72 80 64 59 98 95 53 99 31 14 4 22 83 13 30 87 12 8 1 11 65 36 62 6 84 19 60 40 54 3 81 57 7 16 89 38 33 73 66 93 18 61 75 49 51 56 37 17 71 90 58 44 15 20 96 47 0 55 43 68 85 2 50 21 42 41 77 34 10 5 23 91 86 24 52 35 9 94 39 48 88 69 82 70 79 67 76 27
24
24 71 33 78 65 2 8 32 61 56 54 23 85 67 7 96 35 11 88 80 5 18 70 77
16
0 24 27 47 68 82 98 25 45 42 75 71 55 44 52 8
42
25 69 40 81 15 60 19 20 97 46 44 2 18 50 93 68 77 26 70 91 29 75 28 16 67 87 82 31 95 72 88 47 30 78 33 53 35 94 58 51 98 76
28
80 76 67 28 11 22 85 1 7 2 66 31 75 79 90 53 86 33 40 65 3 32 74 64 23 91 61 97
95
45 1 78 47 96 5 63 26 25 24 54 3 41 17 75 77 64 36 21 57 20 2 49 53 94 30 73 83 93 88 81 46 95 76 6 7 71 67 85 15 39 51 60 14 62 13 86 9 70 28 19 82 35 29 18 8 87 58 52 11 79 65 99 44 16 22 69 50 66 43 91 0 84 55 98 32 31 42 40 34 27 10 56 80 97 61 59 72 90 37 33 12 23 89 4
79
24 49 7 65 61 75 31 33 14 63 25 35 77 53 16 37 55 40 8 95 45 41 93 72 32 12 67 9 42 87 1 3 56 4 74 70 90 64 20 44 21 52 73 28 47 39 94 48 50 76 58 11 62 99 79 66 54 51 91 57 46 86 96 5 97 30 89 69 10 22 83 88 43 78 27 82 29 92 26
100
89 88 80 6 69 46 42 11 12 84 18 55 85 2 77 35 68 51 36 25 83 10 14 0 4 98 33 40 78 65 45 59 49 57 8 3 54 37 91 38 47 72 97 17 86 50 39 21 82 66 62 48 32 23 95 27 87 43 96 26 73 16 30 52 93 56 76 61 20 81 94 41 58 63 9 13 29 70 74 71 5 60 64 75 22 53 19 67 99 24 7 92 15 1 31 28 90 44 79 34
25
31 78 58 96 47 20 80 45 92 14 68 94 27 6 76 75 1 22 65 38 9 11 56 99 21
79
88 32 98 39 31 33 52 35 78 99 66 48 13 10 68 75 43 87 76 91 5 0 85 12 56 22 74 16 93 54 89 4 29 34 24 49 86 63 97 65 30 8 14 11 96 71 51 27 95 83 73 69 84 47 18 41 67 7 6 3 80 55 40 36 58 15 53 21 82 37 45 59 50 42 20 60 46 64 38
81
72 69 44 59 93 24 77 14 29 41 49 98 63 83 68 81 27 16 54 51 57 47 82 66 21 55 67 56 64 6 1 0 74 2 73 13 5 79 7 43 26 40 76 94 60 31 62 8 38 46 35 28 30 96 37 19 20 87 17 22 78 61 84 80 32 99 86 42 23 3 53 88 4 39 85 25 12 58 33 70 15
12
94 66 63 43 3 19 75 13 50 11 95 47
18
49 14 6 40 59 60 19 73 5 1 16 93 24 34 56 12 77 38
44
9 92 18 7 4 63 59 52 12 20 19 33 49 56 39 10 23 62 35 95 57 83 31 61 85 58 44 42 26 1 90 11 98 45 21 94 37 38 68 30 6 79 82 22
11
11 44 5 36 48 31 1 94 16 42 66
28
28 90 14 31 47 98 96 71 0 80 63 42 68 57 8 48 95 87 58 24 37 15 18 72 65 55 81 64
36
32 29 20 12 87 58 81 13 79 60 74 41 61 97 46 48 86 65 83 56 4 66 49 25 90 5 47 71 23 72 75 7 59 15 62 39
84
71 96 16 5 70 15 98 32 17 97 93 75 21 91 46 80 95 10 61 67 26 6 48 28 68 88 30 58 62 50 1 60 33 13 64 31 57 63 83 37 44 18 24 8 54 38 78 23 90 19 35 39 40 84 11 85 53 14 55 73 34 99 0 25 72 22 81 43 29 12 66 82 89 47 59 51 76 94 42 92 9 52 74 4
21
70 81 41 55 17 56 83 16 11 58 49 36 92 23 46 19 97 18 89 12 75
75
99 46 55 65 3 17 71 38 75 15 39 78 80 8 24 79 43 49 30 96 6 25 44 92 40 34 64 58 22 62 95 60 66 81 63 93 61 90 28 98 85 86 97 33 76 36 0 11 7 84 2 12 91 73 83 51 26 9 19 13 18 47 35 1 21 89 4 87 69 74 52 10 20 68 37
17
54 78 73 99 6 85 70 49 21 14 80 45 24 88 83 66 3
50
70 67 94 37 65 17 41 29 48 31 77 40 49 82 78 5 45 18 87 63 39 76 72 57 75 21 92 85 84 53 95 27 24 54 97 19 80 50 12 3 33 8 0 9 96 26 25 43 98 1
69
66 60 58 35 89 83 31 21 94 10 38 73 15 9 63 93 97 13 79 68 45 46 59 6 61 65 39 69 80 52 19 34 77 85 41 14 32 3 74 29 91 42 23 43 76 36 92 33 64 4 11 16 71 18 49 17 78 96 75 47 88 87 28 2 54 1 7 0 81
79
47 46 29 50 37 80 41 83 23 6 22 81 30 58 4 95 54 49 87 25 12 51 36 65 28 75 19 16 71 14 31 74 86 64 76 73 52 85 5 0 10 35 7 18 42 82 57 62 17 61 70 53 55 33 84 88 77 27 9 13 15 67 1 34 98 43 45 26 44 2 40 99 63 24 20 72 32 21 97
7
74 82 28 93 36 31 27
25
47 94 29 53 34 68 67 88 97 66 52 46 72 51 41 81 77 35 98 78 3 12 5 23 90
54
0 42 49 83 87 73 13 94 2 5 4 72 29 88 92 11 99 15 9 96 16 89 76 35 60 14 34 44 78 98 57 28 85 91 80 45 90 50 95 55 65 62 63 71 81 67 1 79 10 25 6 20 46 38
70
28 91 18 26 0 76 9 72 87 24 40 19 3 37 43 1 20 13 82 10 59 66 34 75 49 98 88 33 5 97 29 27 47 6 95 83 57 25 58 62 80 30 16 78 46 32 71 36 4 74 51 53 41 12 77 79 44 17 45 48 54 63 73 8 7 92 84 11 42 70
68
79 89 74 85 88 64 99 52 22 90 45 42 14 51 1 35 17 6 38 4 29 20 71 30 95 3 49 2 66 72 94 78 44 62 11 47 67 61 75 54 98 13 59 40 82 16 5 8 53 60 80 46 93 86 57 81 73 32 37 58 12 50 0 68 69 15 92 10
32
35 7 51 37 54 3 29 81 1 52 22 32 30 10 95 98 18 48 41 34 79 89 50 57 63 14 59 25 4 23 27 46
68
77 68 96 76 60 97 9 79 66 30 19 39 31 20 18 23 17 92 86 48 93 56 88 75 43 33 91 3 70 24 71 54 90 64 46 95 73 58 57 21 61 80 15 74 13 63 6 26 44 10 45 4 11 69 78 16 0 2 83 99 41 49 59 52 28 38 36 40
50
69 14 22 95 61 62 54 5 51 11 4 59 49 77 21 58 23 82 99 34 20 81 1 12 15 0 36 76 45 30 94 43 42 26 75 19 17 2 40 39 85 79 9 16 64 92 53 52 78 93
31
18 59 68 93 74 95 82 47 4 86 57 21 17 84 39 14 49 28 44 10 38 8 55 27 11 87 54 16 99 37 20
3
13 43 44
24
1 98 28 96 62 51 88 54 32 52 27 29 93 13 55 22 12 23 82 64 78 99 74 61
17
68 34 95 74 18 20 28 53 75 44 79 61 16 51 26 33 65
25
10 44 68 48 91 46 27 82 45 83 62 73 4 87 13 51 50 96 95 75 98 32 93 29 26
60
20 53 64 91 28 21 54 95 39 79 73 69 8 89 36 33 13 23 3 30 17 43 83 41 2 10 40 48 1 99 56 62 38 98 86 96 77 4 18 94 51 50 45 60 68 16 34 27 15 84 81 93 31 82 5 61 52 12 67 22
21
56 43 8 20 49 10 27 4 19 46 30 40 86 74 94 23 83 84 64 6 26
69
88 59 2 38 8 52 94 32 50 74 69 36 80 27 57 33 30 81 35 98 90 61 97 19 5 76 6 79 54 78 58 10 39 85 83 12 40 4 21 51 0 89 28 71 63 37 23 75 99 84 48 20 77 16 64 73 66 29 1 72 53 34 44 15 92 67 47 70 68
67
78 31 60 7 63 3 99 12 61 15 92 4 14 0 10 66 47 11 29 71 33 45 21 32 42 36 28 16 90 50 96 8 27 64 62 75 91 13 86 54 84 20 72 40 69 59 55 58 24 93 97 79 38 39 43 23 52 5 37 67 74 82 81 30 94 34 77
7
98 60 40 19 82 26 23
42
19 38 5 50 78 12 61 51 36 92 45 74 27 69 3 63 4 96 55 94 20 2 89 53 28 41 62 65 22 10 87 82 77 30 93 42 83 71 16 86 58 15
70
94 98 60 91 88 28 54 84 55 97 70 12 65 44 69 47 16 2 1 9 95 43 77 24 87 74 76 5 13 33 27 75 93 86 58 40 20 0 4 82 53 80 8 22 46 52 66 32 96 99 3 62 51 29 42 26 48 34 38 89 35 17 73 41 68 11 6 45 64 63
73
98 24 30 59 83 80 77 3 5 55 41 40 21 52 85 22 44 11 58 12 50 0 66 19 62 76 64 78 31 88 2 46 29 17 48 89 84 91 33 60 37 82 72 79 94 8 67 38 45 73 18 43 90 69 32 25 35 99 9 36 14 13 27 70 86 81 42 92 87 53 34 93 63
31
69 54 18 27 71 58 25 15 32 55 44 16 59 41 21 13 82 33 9 79 68 74 40 70 0 34 66 14 52 6 53
3
72 54 66
40
9 13 82 35 46 80 38 83 27 4 73 77 28 2 26 53 72 41 39 1 15 57 93 90 40 91 76 20 23 19 66 24 68 86 96 95 6 10 29 54
44
79 32 34 25 19 52 89 8 49 35 9 36 78 38 64 63 60 57 18 85 22 70 94 82 47 26 17 27 16 23 37 86 90 0 2 20 50 72 43 30 98 59 73 67
50
25 52 54 94 44 99 98 63 55 50 19 89 14 83 41 68 28 12 34 6 80 56 74 73 58 92 40 18 36 16 72 78 57 21 82 38 15 59 3 10 76 64 95 23 37 69 26 45 7 4
19
6 40 27 15 48 30 54 50 29 22 92 60 46 98 82 74 84 68 70
63
85 91 22 68 50 56 65 73 99 78 3 5 26 84 70 52 64 63 58 93 86 55 96 30 37 79 1 98 51 11 44 10 46 2 87 9 16 54 57 8 32 31 47 76 36 82 28 92 35 45 75 88 81 4 48 27 83 13 17 23 41 97 6
45
76 40 46 34 16 87 55 47 38 79 95 22 8 49 54 26 30 62 45 1 23 28 97 57 44 12 60 56 70 4 53 66 15 32 36 78 69 21 68 88 98 58 20 63 99
46
27 95 69 40 79 68 92 89 48 67 82 52 23 97 1 50 49 29 44 20 22 31 77 38 21 10 54 55 43 71 0 24 87 3 75 25 86 65 57 4 37 56 41 12 11 35
15
85 16 75 78 55 67 45 56 20 95 31 24 47 0 9
48
54 7 63 2 98 96 75 86 83 19 3 69 9 92 26 93 32 73 24 80 82 78 52 46 77 25 44 27 15 20 8 35 41 38 23 28 16 47 64 33 76 49 0 70 12 11 56 65
37
69 95 18 27 71 60 75 61 68 82 64 7 41 21 13 5 83 66 19 63 42 3 11 70 62 30 4 31 17 76 12 22 89 80 2 77 57
58
82 1 16 57 75 47 79 99 58 95 41 61 25 92 55 73 14 53 6 5 29 35 65 74 98 50 87 9 8 21 78 33 69 54 71 24 93 80 36 26 56 7 64 83 18 20 13 44 52 42 15 37 19 62 45 81 17 32
65
88 89 83 52 84 91 38 37 39 18 13 74 54 94 60 10 45 6 35 51 69 99 14 93 1 82 30 57 32 77 25 11 16 19 0 28 8 72 55 81 36 66 71 9 12 20 86 29 59 92 87 49 42 61 48 80 41 40 95 34 56 96 43 7 70
62
31 11 18 50 21 73 37 17 15 6 35 79 49 39 61 25 41 71 98 62 30 55 80 87 45 75 13 19 91 69 28 53 22 52 81 42 0 82 5 85 7 63 48 83 97 57 59 99 12 33 95 93 8 77 36 60 34 29 92 51 64 86
63
16 93 23 47 94 73 92 29 8 90 53 43 98 35 83 72 79 67 2 70 69 6 59 85 31 19 88 55 7 12 64 24 58 62 27 50 17 13 97 4 46 11 18 41 60 63 9 78 75 48 33 5 87 20 25 71 1 99 52 82 44 28 65
91
64 20 56 70 59 9 37 27 23 98 84 83 31 63 14 21 92 97 18 25 13 24 2 82 77 53 6 79 76 93 80 36 96 62 34 81 94 12 15 33 67 89 41 75 74 8 46 5 85 44 28 0 50 40 26 71 87 72 1 17 91 88 86 11 43 39 29 42 73 52 4 99 10 95 47 48 22 57 90 66 19 3 51 16 65 69 7 61 45 68 55
51
82 66 90 51 94 54 24 37 84 14 31 35 47 96 46 4 78 19 33 71 55 30 5 29 64 17 98 13 44 48 9 99 21 23 32 16 28 43 6 11 34 40 69 57 52 42 76 36 61 91 73
88
98 88 42 17 80 68 72 55 51 58 26 89 13 10 5 41 59 39 23 8 65 40 18 74 32 93 15 79 62 20 97 14 67 77 87 35 69 84 66 92 53 95 1 28 85 31 25 38 7 75 71 63 54 0 86 94 91 34 27 48 19 82 50 37 30 47 6 56 12 99 16 21 81 96 64 44 29 57 76 73 22 70 3 4 11 43 61 60
41
88 19 8 77 72 74 79 1 14 92 42 97 17 44 85 50 51 82 65 99 62 89 64 70 45 49 94 47 22 73 27 35 67 80 78 87 83 46 66 37 32
37
91 51 46 67 58 76 54 37 71 36 69 8 85 31 74 98 93 45 11 1 63 70 68 90 32 39 47 16 82 49 64 92 62 5 7 40 26
34
18 68 30 84 81 44 86 38 5 90 36 69 87 46 0 17 93 16 99 82 55 61 47 71 75 63 88 45 12 7 78 76 24 3
63
64 68 11 8 0 19 60 47 74 69 52 18 40 72 12 75 87 98 51 84 73 99 22 66 50 26 14 23 83 71 15 63 32 7 59 82 44 93 91 65 77 70 48 3 29 38 94 55 85 61 45 27 36 16 46 67 20 86 2 76 58 42 62
34
88 27 12 17 2 25 96 65 30 32 57 3 73 54 82 48 36 94 69 98 42 4 24 11 83 79 56 90 38 61 75 89 13 8
36
29 48 27 83 30 22 53 90 9 15 85 61 80 74 12 75 16 6 92 5 37 25 86 21 3 57 77 60 43 63 76 42 87 69 17 34
5
26 9 22 54 13
100
11 75 86 39 1 62 15 38 77 18 96 83 97 47 19 33 4 37 35 5 90 67 17 98 44 10 13 66 92 24 14 72 71 43 53 99 91 27 9 7 42 70 64 45 40 29 57 0 63 84 25 79 60 89 88 41 16 20 52 56 87 12 21 65 30 22 85 80 93 48 58 51 26 46 23 6 78 2 8 50 94 95 32 49 81 34 76 82 54 31 3 73 74 59 69 68 28 61 55 36
95
4 82 23 72 53 70 8 74 89 93 18 85 20 71 9 6 45 52 47 81 5 55 16 32 96 50 2 65 77 13 59 54 84 73 80 33 78 67 17 79 83 69 88 51 94 56 76 61 44 90 46 95 28 22 43 1 7 68 66 26 15 92 21 99 87 60 14 0 29 37 41 57 25 27 75 48 38 98 42 19 63 86 58 62 64 39 10 12 97 24 36 40 35 3 34
65
59 53 77 66 1 5 98 88 96 10 82 39 78 32 91 2 34 50 7 46 42 21 89 47 63 60 3 15 52 72 8 65 87 90 74 41 36 23 68 67 49 70 51 45 75 9 14 11 58 62 29 55 40 22 92 38 17 79 76 43 83 35 56 69 44
15
63 47 91 98 27 12 76 13 66 53 29 7 69 64 24
91
83 28 36 12 47 91 67 79 62 77 49 41 99 13 11 69 94 43 73 31 84 50 30 90 42 44 57 59 52 86 64 87 19 75 27 48 55 78 56 65 17 45 95 34 6 15 98 68 20 74 76 80 21 23 63 81 25 88 33 10 9 53 8 22 5 3 72 32 60 89 16 96 82 1 35 97 39 46 14 58 18 2 54 0 24 61 71 29 26 7 70
34
2 57 17 87 33 49 89 40 97 18 28 6 21 51 98 19 58 73 95 36 83 20 94 25 43 47 56 63 32 53 93 13 80 54
86
42 1 60 70 88 81 35 98 2 67 99 51 18 28 37 97 19 57 75 41 12 8 84 38 50 43 26 22 46 92 5 13 74 49 95 94 14 52 56 73 31 68 76 40 72 64 7 93 48 32 17 11 77 96 89 3 85 20 39 9 24 29 33 25 45 54 36 16 82 87 44 47 30 71 10 90 4 23 91 63 78 66 55 62 69 59
43
81 83 2 22 75 39 78 28 24 13 12 43 92 15 67 99 58 60 45 41 42 96 47 29 66 6 80 11 94 86 52 33 91 25 69 21 31 3 89 34 36 50 70
100
0 79 34 4 1 66 22 53 93 32 19 46 51 47 84 26 28 60 59 30 9 52 70 24 42 35 18 5 25 48 54 10 3 99 44 12 57 91 62 2 8 73 80 13 92 97 61 94 87 21 64 67 39 50 43 75 17 55 68 38 33 83 29 37 85 40 16 82 71 96 11 86 20 36 69 14 98 15 23 81 65 49 58 95 56 7 6 63 90 77 76 41 74 45 27 72 88 31 89 78
55
81 44 20 6 4 65 88 49 26 93 29 11 39 54 40 69 87 79 30 18 22 38 17 37 5 68 76 23 0 95 50 34 97 55 12 99 56 1 61 75 33 92 60 52 32 91 24 3 62 13 74 71 67 58 53
33
96 22 50 23 51 19 17 28 34 61 57 15 72 70 27 60 91 63 8 5 21 47 82 44 69 64 94 56 81 26 58 2 13
72
84 29 21 76 9 94 44 67 24 80 17 57 58 79 55 88 73 62 48 64 14 32 77 63 15 25 72 53 60 69 52 30 90 87 91 8 2 54 26 50 59 43 34 99 22 0 66 85 61 75 31 96 98 37 5 93 7 45 13 6 78 70 81 83 41 16 92 65 4 27 36 20
12
63 67 36 70 44 28 5 11 50 79 64 75
62
23 62 86 24 21 28 33 35 67 47 32 16 64 8 76 25 75 92 42 30 29 73 59 48 26 70 51 91 85 20 65 41 57 96 72 3 61 36 55 94 18 17 89 40 34 69 63 13 2 52 81 66 60 50 80 87 97 27 19 4 71 39
47
58 23 36 89 73 45 96 67 84 79 87 31 71 93 80 34 99 78 5 53 65 11 30 49 24 61 66 44 18 70 35 86 63 52 40 88 6 14 15 27 38 54 46 59 22 92 51
56
1 17 87 96 58 50 40 49 72 2 18 53 8 69 51 64 38 39 7 42 37 10 59 22 21 88 29 67 43 27 89 73 79 52 30 9 97 24 98 93 28 71 16 4 0 85 92 41 15 86 26 44 13 32 99 6
11
0 83 72 24 68 25 87 99 95 80 93
59
50 47 9 29 92 6 76 31 16 83 72 36 19 1 99 87 33 15 41 37 77 71 12 51 73 44 8 86 89 18 48 97 45 88 22 28 27 95 59 10 82 58 61 96 79 53 52 67 60 80 70 85 38 34 3 64 7 20 75
100
53 59 12 62 38 90 47 56 88 55 96 0 63 93 22 98 39 86 14 65 84 21 68 74 81 9 60 61 31 11 13 36 58 91 71 5 54 33 79 75 35 16 3 87 10 6 77 1 83 29 70 40 85 27 64 45 30 4 49 67 19 95 2 25 17 51 20 97 52 42 69 82 73 92 26 46 8 76 50 15 78 66 18 43 48 44 72 41 37 34 89 32 80 23 7 99 57 28 24 94
37
87 9 79 74 95 49 65 71 37 31 3 59 68 76 12 52 51 99 58 93 78 16 7 1 11 69 91 80 55 85 77 56 84 61 24 0 41
37
58 63 79 53 10 49 94 70 30 22 62 46 43 85 59 61 2 89 74 47 16 3 78 75 60 25 55 52 40 11 33 6 8 20 26 51 82
80
21 56 22 71 36 93 81 41 72 42 88 85 46 68 47 78 73 53 27 66 33 82 7 24 54 75 59 97 87 98 63 84 76 2 26 19 44 89 31 90 74 48 9 29 6 62 12 95 16 79 99 64 50 86 45 65 15 13 10 39 51 55 94 30 58 37 34 69 5 11 67 70 25 92 80 52 60 8 83 20
63
49 52 4 74 22 76 30 62 88 68 25 17 84 35 32 42 9 97 45 80 10 92 6 65 37 16 86 15 13 71 61 2 12 54 89 31 87 29 66 59 98 91 72 63 64 69 14 36 48 47 57 51 78 7 83 3 53 94 19 8 79 11 0
83
0 50 7 35 25 27 18 62 33 31 53 99 95 20 79 34 12 69 63 90 76 19 36 29 93 54 23 72 15 21 92 91 52 55 89 3 24 32 71 83 5 64 77 11 16 1 80 47 70 94 51 67 82 26 9 65 87 96 57 2 56 14 73 41 48 59 66 42 40 13 43 81 86 61 4 97 74 88 39 30 60 22 45
91
54 77 12 78 95 24 28 73 19 68 47 58 50 49 89 82 84 41 31 57 45 56 32 75 21 33 27 4 43 39 91 35 74 11 99 66 86 60 48 25 42 96 85 65 70 69 15 26 38 29 51 9 79 40 52 13 94 16 64 81 71 36 2 90 76 44 88 23 5 92 53 59 10 83 17 62 20 98 67 93 3 14 37 30 63 18 72 87 1 22 55
73
69 58 95 29 22 10 53 0 41 93 16 5 66 76 60 85 14 64 44 94 96 92 61 75 35 31 36 99 88 59 1 4 82 57 73 47 68 7 40 81 12 21 67 19 37 6 71 97 65 74 18 33 49 2 54 91 27 98 63 8 20 72 87 50 24 80 3 38 43 32 51 90 52
42
94 80 34 58 23 53 81 88 33 37 39 76 50 64 35 17 93 90 46 75 19 97 66 62 60 30 95 32 78 16 73 91 55 22 48 24 13 98 69 11 89 5
15
36 51 98 25 75 38 3 57 2 94 27 56 58 47 0
35
53 97 60 88 32 67 9 76 92 3 55 66 83 10 11 91 93 94 54 72 77 64 56 5 12 52 1 61 17 96 86 26 73 44 59
55
10 72 17 34 67 69 30 45 87 3 52 98 7 14 73 78 16 4 29 89 39 25 48 59 51 0 36 71 19 75 79 65 81 66 96 90 64 91 15 86 94 28 55 40 5 20 1 80 27 37 58 97 8 95 13
41
55 28 78 19 9 35 52 8 31 71 34 46 97 92 76 41 36 69 74 27 73 32 84 0 72 39 98 29 66 3 82 22 43 59 44 85 2 79 87 60 12
56
58 67 57 92 78 51 90 16 28 85 35 27 62 39 83 19 0 73 14 65 75 71 70 84 63 98 13 80 77 74 46 48 56 49 18 99 47 32 88 93 9 21 8 31 1 5 66 26 45 24 89 33 11 37 68 81
75
15 2 1 52 46 25 62 90 45 12 67 21 49 88 91 6 72 42 14 36 50 78 8 41 98 3 54 51 93 80 29 89 5 68 33 76 96 59 55 22 82 85 19 95 99 39 48 75 35 31 73 87 97 66 86 10 83 71 43 70 20 9 81 56 24 61 30 74 17 92 63 77 84 0 94
34
41 89 94 17 35 91 37 85 90 63 78 74 6 0 77 25 59 49 87 12 92 29 54 50 88 44 43 26 51 36 28 8 2 40
46
89 71 83 79 94 17 87 31 36 53 78 90 9 60 38 21 35 27 74 67 37 93 23 43 19 32 64 99 80 0 66 22 54 49 92 39 55 68 76 12 40 6 46 97 42 51
56
40 32 19 91 28 46 47 52 5 78 48 7 68 3 1 75 70 31 36 79 18 96 23 73 71 62 82 25 93 81 56 66 11 59 16 53 49 89 54 94 98 38 45 37 12 42 24 69 34 86 72 41 83 87 95 84
80
68 34 85 16 53 65 21 7 47 52 87 19 64 57 12 40 51 35 24 10 49 42 83 9 31 59 92 74 72 1 96 45 98 46 48 79 41 37 69 95 70 27 11 54 0 71 4 84 90 91 39 75 2 58 88 60 14 15 38 25 61 62 67 29 80 89 76 5 26 3 78 82 86 99 8 77 94 23 44 20
42
91 18 33 80 75 9 42 82 89 56 41 50 64 45 62 59 87 19 57 73 27 51 55 49 58 88 29 85 24 14 7 47 15 28 37 20 5 12 70 46 78 32
23
48 35 78 6 43 98 91 85 11 97 75 77 57 73 70 28 67 24 96 13 87 76 82
18
60 2 81 49 50 21 38 82 20 13 7 15 23 48 98 24 29 69
33
1 37 53 77 58 36 4 29 35 57 28 95 72 82 96 43 19 8 66 86 68 26 92 32 87 42 75 83 80 24 65 84 27
94
43 51 71 3 70 85 80 86 52 53 84 5 25 34 57 24 55 81 39 63 60 8 68 35 83 69 1 88 26 97 42 77 50 73 89 38 93 75 87 13 47 62 21 61 66 36 92 54 44 18 46 79 9 4 28 58 74 22 49 56 72 20 96 91 29 19 6 14 16 0 98 17 90 40 32 12 59 30 41 65 94 37 33 10 11 99 45 64 31 67 23 82 27 7
42
85 64 27 98 66 54 10 30 44 71 86 19 99 76 5 91 28 34 68 46 93 18 38 79 15 51 52 43 92 56 7 95 8 36 23 67 39 63 20 25 22 62
53
51 15 50 77 73 95 92 53 8 22 83 23 14 69 62 49 81 54 34 31 46 66 35 60 40 32 19 86 68 55 27 37 45 30 80 9 58 26 93 1 94 3 44 75 39 24 89 98 28 4 17 18 56
52
48 2 91 41 80 67 96 77 72 23 43 38 35 56 1 55 29 13 52 22 64 39 7 45 74 61 46 68 24 99 85 78 95 58 32 81 59 76 92 4 11 17 36 89 28 8 87 60 0 31 98 27
50
13 1 90 44 54 81 61 65 24 2 52 14 58 79 76 39 18 19 42 78 15 9 0 83 43 67 73 68 91 94 35 80 99 85 37 30 41 34 74 17 8 7 45 28 96 4 3 62 49 86
44
4 83 23 18 37 64 50 79 28 95 71 16 96 21 32 36 35 0 41 48 54 5 51 42 19 24 67 87 66 44 39 60 84 7 81 22 13 9 76 12 31 62 38 92
91
34 77 93 16 51 75 78 21 39 99 72 89 95 64 22 46 18 50 27 81 3 20 82 38 87 79 2 53 33 63 43 96 15 85 32 90 25 26 84 73 37 35 61 1 86 10 62 65 48 59 97 94 28 6 0 19 23 76 69 74 40 29 7 42 36 17 60 83 45 52 70 71 55 31 13 14 57 54 9 91 58 41 24 92 68 56 66 49 12 80 88
50
77 22 6 7 48 21 0 95 72 14 41 79 8 11 20 75 83 64 62 88 57 39 98 96 59 99 78 5 42 46 71 29 91 63 2 60 84 15 45 35 94 90 4 53 85 27 82 18 12 93
44
49 52 84 98 99 69 0 28 65 55 48 9 61 87 36 77 13 30 93 46 96 16 81 74 86 5 79 51 66 10 63 59 11 58 4 39 56 83 57 47 12 97 24 22
27
15 57 10 4 84 70 83 99 72 22 69 35 95 36 21 75 19 60 37 67 80 43 59 45 53 24 44
23
99 83 53 95 42 0 75 36 31 37 24 50 45 72 44 74 92 30 55 41 56 8 76
18
89 12 67 38 92 74 64 52 0 82 7 69 99 42 22 93 27 17
97
89 86 85 59 15 44 79 1 9 69 97 94 66 77 27 41 76 60 75 32 93 87 57 99 51 16 96 20 49 84 34 56 39 67 8 83 40 30 68 33 81 37 55 23 4 26 42 0 48 73 3 95 74 22 13 2 65 45 5 31 78 43 52 82 18 29 88 36 6 47 98 28 25 91 63 11 24 35 62 10 12 92 19 70 90 17 46 53 21 72 38 50 80 71 61 64 14
13
91 1 54 17 20 73 66 26 28 97 62 78 57
70
52 84 67 77 55 66 12 87 40 97 82 69 2 22 89 47 91 98 42 44 16 9 92 10 45 51 58 71 25 38 35 53 74 54 41 0 49 21 6 65 34 68 75 46 88 36 73 4 78 11 90 24 1 76 13 96 39 20 56 33 72 18 81 62 26 7 50 8 60 43
66
35 72 49 0 83 61 65 64 15 91 14 92 56 18 87 43 40 79 36 23 3 58 48 67 46 7 63 75 31 44 52 84 93 60 34 66 85 59 82 97 96 50 8 38 12 57 28 6 41 80 30 88 17 5 51 90 26 2 29 16 4 11 37 69 53 32
2
27 17
83
21 97 72 94 75 82 90 59 69 14 65 43 8 93 39 76 54 44 0 62 36 87 7 85 66 80 91 89 53 84 52 70 25 77 47 30 31 40 73 68 50 2 46 92 88 29 22 78 28 24 55 74 12 49 34 96 83 9 42 60 61 86 51 38 1 33 13 67 4 19 27 81 35 5 45 95 63 64 32 26 79 3 57
40
37 69 98 20 62 76 66 67 64 96 13 86 8 1 6 48 18 91 43 47 39 17 75 51 57 38 29 32 77 74 92 2 19 22 15 71 56 21 14 70
51
67 76 10 7 57 30 95 5 34 88 59 52 45 28 21 9 41 14 87 65 62 18 4 81 23 80 48 66 54 42 96 20 2 90 50 91 16 85 56 75 26 79 70 40 19 1 61 58 24 82 55
48
41 17 61 71 90 14 40 28 58 11 34 48 24 83 79 4 96 53 95 92 27 29 33 94 77 13 84 57 89 75 73 30 86 70 18 7 36 6 62 10 67 49 60 35 66 65 50 44
79
35 10 80 58 0 76 8 86 1 93 54 90 11 26 77 62 39 72 31 53 55 12 22 64 2 40 5 60 51 19 91 41 83 45 61 49 4 81 69 32 73 52 28 56 68 13 99 3 97 23 57 6 79 50 84 48 25 98 16 94 89 66 24 74 27 75 96 46 34 71 21 67 9 17 42 88 95 43 65
22
51 67 63 25 38 34 68 81 72 70 95 28 45 49 21 76 22 79 3 64 14 74
73
52 45 23 27 55 46 80 7 66 94 47 21 17 30 48 58 96 18 63 75 28 29 4 61 20 26 15 33 79 65 62 95 49 25 67 97 87 41 93 60 43 40 19 92 12 72 14 89 3 16 0 98 85 84 37 36 56 99 38 32 91 57 88 86 83 42 76 31 64 70 34 53 71
14
16 45 32 75 14 26 11 6 69 67 20 19 52 37
23
6 16 3 34 14 37 98 51 72 28 95 21 94 59 65 39 66 77 83 10 18 56 90
41
30 95 42 49 73 41 3 58 84 24 10 77 7 21 74 13 88 34 87 36 47 75 69 57 12 94 60 80 52 55 8 72 31 64 43 14 9 16 61 83 70
7
1 47 54 17 53 87 3
56
12 34 42 87 98 78 82 50 69 11 59 93 84 26 32 33 2 76 6 1 39 22 27 8 80 99 91 25 18 97 68 95 79 94 55 90 21 49 36 85 29 24 43 5 45 7 88 52 62 40 77 64 3 81 67 48
55
20 49 38 41 0 91 24 96 90 63 1 92 47 70 78 3 36 4 10 54 31 46 40 81 59 39 6 8 29 53 32 18 26 84 66 22 51 60 64 12 68 56 5 69 76 55 37 89 13 11 73 58 80 72 45
76
63 17 19 43 34 85 31 86 79 92 6 11 88 0 42 8 7 49 24 74 80 15 77 82 52 99 4 35 39 81 2 72 29 50 48 89 1 67 44 23 33 75 56 68 62 58 45 38 9 27 40 10 26 13 73 3 41 64 36 51 53 32 16 18 47 66 91 90 61 70 94 37 5 83 97 46
97
63 37 19 16 89 26 53 78 30 42 13 34 5 48 69 60 87 45 18 65 3 57 72 6 10 36 79 54 56 66 97 20 91 82 24 47 95 99 40 62 86 81 43 90 88 8 7 1 85 25 49 23 44 70 61 94 80 59 46 21 15 39 83 4 28 92 68 50 52 11 27 98 58 38 35 31 2 64 17 75 33 14 74 71 73 12 67 77 96 0 55 93 41 84 32 29 76
11
85 15 17 24 1 77 34 29 56 68 4
76
86 46 13 15 99 9 52 97 31 92 87 1 60 89 68 21 11 37 36 85 30 91 66 58 77 2 18 78 22 7 82 95 50 90 44 23 54 0 4 71 64 63 33 73 39 53 65 43 40 80 67 26 88 16 34 32 81 69 20 96 98 47 42 51 3 29 83 55 28 56 10 6 5 72 74 25
39
7 52 98 66 46 9 82 74 42 89 64 48 10 35 1 75 4 90 31 36 54 87 93 65 80 56 71 37 33 60 53 11 28 6 85 8 73 76 50
91
52 81 87 68 95 6 65 45 7 1 78 85 91 54 89 53 49 39 35 57 80 10 16 42 59 11 56 83 15 76 8 28 77 24 12 67 19 60 62 98 86 0 71 73 72 23 14 37 93 5 33 63 13 43 92 40 97 66 90 61 58 29 21 26 50 4 94 32 38 22 34 51 18 3 48 88 84 96 69 17 74 99 47 31 41 46 27 70 30 64 2
33
84 15 1 45 95 56 81 51 37 54 30 91 9 26 65 36 74 80 24 42 41 25 98 53 79 92 48 86 32 90 34 62 58
77
76 67 66 57 52 0 97 79 82 32 77 72 91 64 49 61 44 3 47 83 68 43 50 35 63 81 27 28 59 71 1 95 36 45 94 38 11 22 34 54 53 33 90 78 92 41 26 6 15 7 74 58 4 5 42 55 84 29 17 24 89 85 98 69 87 48 56 19 23 80 86 12 96 13 8 46 75
2
17 19
25
34 75 40 98 83 25 20 56 63 87 57 73 14 80 46 90 89 96 54 12 3 1 2 50 16
87
75 53 86 23 81 73 88 11 68 38 65 87 76 21 14 13 59 48 17 60 45 72 30 58 67 84 91 78 94 43 4 54 97 51 79 22 50 32 7 0 63 44 61 74 34 52 99 6 25 20 83 31 62 41 36 89 9 39 24 49 1 95 69 93 29 3 35 5 27 28 66 82 37 57 33 92 2 26 40 47 12 16 18 19 8 56 55
37
50 36 56 74 33 73 81 89 37 93 41 61 72 20 78 70 39 49 3 30 62 14 90 8 66 96 17 6 63 7 40 54 51 94 82 1 11
15
7 42 45 65 84 86 9 49 50 90 82 27 53 13 26
4
56 44 4 82
93
49 79 52 78 61 24 93 26 43 76 31 60 74 21 91 44 97 72 81 34 9 92 19 89 18 15 14 28 95 63 0 35 45 66 17 70 48 57 42 69 64 25 4 83 71 37 55 22 47 41 54 88 7 39 29 27 2 50 96 99 46 87 77 51 40 53 11 30 20 36 94 68 12 13 86 56 58 10 67 8 59 80 84 6 32 3 62 5 90 85 82 33 1
5
13 79 82 92 29
68
78 15 66 1 74 19 87 53 88 33 76 30 40 44 93 5 90 81 58 14 17 56 2 39 27 80 82 16 21 9 85 75 98 37 63 48 13 0 92 61 67 11 89 47 64 6 99 72 4 95 49 91 59 32 42 41 62 8 35 70 50 86 77 43 18 52 28 97
56
37 8 20 24 87 14 25 27 0 34 85 71 17 53 93 32 62 96 40 83 63 81 73 39 12 5 6 13 50 75 52 26 15 57 72 45 49 90 23 19 79 30 67 10 21 69 68 38 74 11 29 48 46 2 9 28
73
76 43 59 89 42 66 8 79 98 84 69 60 80 12 32 4 18 6 63 39 24 75 36 70 55 41 64 11 58 13 78 33 37 50 61 31 88 47 68 91 16 20 94 57 87 86 35 52 82 77 5 21 14 26 10 53 9 1 7 27 15 73 46 38 72 45 93 62 54 92 48 96 44
96
61 23 81 11 38 52 62 14 37 3 71 2 73 28 60 78 5 12 89 59 83 30 24 54 57 82 56 98 34 99 43 85 49 39 48 6 58 91 13 77 8 45 33 19 9 70 31 18 66 46 21 90 97 7 94 50 84 63 36 67 69 15 68 65 64 32 79 22 96 10 74 1 4 93 44 92 20 25 16 80 40 95 51 47 41 42 26 35 86 87 53 0 17 29 76 88
96
11 57 73 10 68 65 52 98 2 63 26 23 36 55 76 62 22 95 71 64 90 59 50 93 13 39 56 8 45 85 89 21 97 14 46 99 72 32 87 17 94 92 20 67 61 24 12 44 79 54 38 66 16 74 3 53 42 82 58 80 0 31 49 48 29 81 35 60 15 19 9 51 27 83 86 6 37 78 33 34 41 88 40 70 91 25 96 5 47 84 1 28 75 77 4 18
87
64 43 85 80 90 31 37 41 68 4 55 11 42 74 97 36 22 16 71 94 52 39 13 23 60 35 98 26 67 51 48 12 34 72 62 18 82 56 99 83 63 76 15 21 81 14 45 66 89 50 75 29 79 2 58 95 86 8 5 96 84 49 20 59 33 54 19 30 69 3 93 73 53 25 24 70 57 10 78 28 91 47 65 92 6 88 46
77
7 24 9 11 30 34 86 92 36 50 64 47 72 71 48 38 41 60 43 15 55 70 14 76 27 18 12 44 97 37 16 22 0 53 20 52 31 56 82 84 78 26 69 90 45 88 35 80 77 17 10 73 39 6 98 1 33 94 29 57 51 96 28 91 13 42 67 3 4 81 32 40 21 2 49 8 99
42
52 10 77 45 44 96 54 89 83 62 66 5 59 47 79 21 80 61 32 50 81 65 86 33 74 55 67 18 91 64 12 73 3 68 70 60 2 42 87 92 51 90
75
18 69 11 52 82 53 89 14 24 44 71 86 22 80 79 55 20 61 34 27 67 77 16 19 32 73 3 7 83 46 62 97 26 2 56 75 81 35 48 41 96 95 64 1 36 88 87 6 21 65 8 49 98 25 23 94 37 33 40 4 0 76 57 42 63 85 29 39 99 47 84 90 28 66 38
59
54 24 89 78 26 60 2 88 98 50 83 55 45 58 66 37 53 11 35 33 40 73 15 34 61 72 44 81 21 70 75 47 74 67 59 62 65 27 63 57 56 95 94 10 84 68 7 69 39 96 71 79 31 19 16 32 28 22 77
37
0 90 24 45 12 23 98 58 64 13 75 67 50 55 11 6 86 88 5 40 26 57 53 34 73 78 93 91 84 25 33 83 97 68 29 65 36
11
32 86 12 53 29 94 23 1 47 13 0
41
99 87 79 8 20 17 82 93 41 88 11 45 28 2 49 5 29 81 75 18 0 77 24 70 76 68 31 92 61 89 47 50 60 62 27 66 97 19 54 30 58
95
27 32 22 57 64 29 14 88 13 56 76 3 45 38 91 11 73 98 9 75 71 86 47 10 18 46 93 74 66 49 83 99 52 90 6 69 8 40 31 19 0 94 24 62 79 30 20 2 28 59 25 21 41 33 12 7 68 89 60 70 17 96 97 84 34 42 48 23 92 51 77 80 82 1 78 87 63 55 50 54 95 61 35 53 65 15 43 5 85 58 4 44 67 36 81
75
5 20 26 88 40 12 74 96 75 62 97 23 29 7 47 32 14 31 27 42 19 6 78 49 67 52 34 30 93 90 82 9 95 83 89 70 85 37 1 28 50 68 69 41 13 46 54 43 38 81 35 24 73 39 44 4 58 55 3 84 94 60 18 72 33 59 53 91 64 25 51 15 21 48 10
47
47 83 12 17 46 26 92 79 64 99 40 70 24 19 18 67 57 28 23 54 30 36 88 86 96 55 25 98 89 44 41 58 74 85 13 56 81 7 15 87 95 80 31 32 1 22 21
86
44 52 86 55 21 30 64 96 76 17 42 62 93 12 80 51 1 8 34 36 59 48 23 4 66 45 49 41 63 81 10 70 90 20 67 89 83 60 92 39 13 56 58 88 5 2 98 53 25 3 74 43 99 78 72 6 28 57 15 68 69 95 94 18 46 32 54 73 47 11 91 61 37 97 50 79 82 77 29 26 14 16 33 87 71 35
37
36 59 25 56 18 69 53 80 38 32 2 86 96 63 3 54 72 34 19 75 35 21 29 50 17 4 40 61 58 73 1 82 8 51 92 33 26
84
6 17 35 2 64 4 36 52 90 44 80 83 60 96 66 48 21 87 74 13 58 50 89 47 75 51 7 67 16 85 78 68 28 8 53 37 24 15 63 11 10 38 9 62 82 0 69 86 32 33 72 40 55 61 31 79 29 20 65 42 41 43 88 73 19 26 71 1 70 25 12 34 95 5 54 23 45 30 22 27 94 84 92 14
35
15 77 31 49 86 60 10 41 19 5 17 47 97 80 0 1 27 40 42 46 29 39 22 58 16 56 18 91 65 52 78 57 96 51 74
22
21 90 43 44 97 5 58 89 17 8 22 36 54 38 26 74 56 49 91 25 15 11
38
6 65 16 33 22 35 3 47 57 91 46 59 84 62 63 86 56 93 52 71 88 68 90 89 27 82 37 78 75 51 66 96 36 13 26 10 53 92
38
21 61 56 32 78 65 93 66 9 96 82 94 54 49 83 64 50 26 7 28 81 67 3 88 51 17 57 85 58 15 10 42 46 37 99 30 98 19
86
86 52 72 29 50 19 31 38 97 89 47 35 68 17 34 49 70 55 32 51 26 41 80 84 36 6 1 85 61 0 93 45 64 69 76 79 71 65 99 91 3 10 23 94 37 46 48 66 22 44 28 82 27 12 15 20 87 21 13 42 56 88 43 5 11 92 9 77 54 95 75 2 67 74 7 90 81 25 14 58 24 18 8 78 59 98
96
55 41 50 88 98 79 35 34 82 86 38 9 64 60 46 32 24 75 44 3 66 43 54 62 42 93 67 20 81 1 40 87 49 76 92 39 15 47 53 5 83 45 84 70 33 68 94 48 51 90 61 56 36 0 30 71 58 2 27 11 18 74 4 73 63 12 59 23 7 80 10 6 17 85 22 16 28 8 26 21 31 37 78 52 96 69 97 29 57 95 72 91 89 19 14 99
60
25 70 3 93 54 78 27 21 53 84 11 94 52 18 5 34 57 26 32 88 73 81 92 77 90 41 67 7 98 45 36 50 66 56 1 68 17 99 58 0 79 46 48 61 60 71 80 95 97 43 13 14 47 86 4 62 29 75 44 28
87
35 53 32 70 96 47 26 28 3 84 0 85 31 40 10 8 97 74 54 90 27 87 67 25 59 83 5 79 72 61 13 43 19 39 81 46 22 56 41 48 62 50 37 60 34 14 78 73 55 65 58 64 1 36 77 66 75 4 20 63 52 69 92 89 42 51 82 80 9 16 76 49 68 17 93 18 95 6 2 44 98 12 86 91 15 38 57
53
40 14 33 31 24 98 75 85 28 82 96 99 94 58 80 81 93 71 3 22 1 90 45 47 68 29 87 2 34 79 44 62 21 27 35 4 92 73 53 64 52 42 77 38 72 26 69 66 91 54 25 15 63
81
54 3 23 55 96 27 78 58 9 56 44 71 84 30 66 31 37 51 97 38 79 41 52 67 77 12 50 32 40 70 64 25 69 45 36 99 68 63 39 98 62 42 83 16 18 46 81 22 20 1 94 74 90 53 0 72 6 7 26 57 87 47 35 19 11 43 61 91 15 60 88 86 80 73 93 92 75 33 8 95 13
19
4 57 16 66 93 97 73 74 24 41 9 86 45 98 17 34 3 67 12
55
12 73 24 62 17 19 14 55 63 50 99 68 9 69 78 18 5 71 42 58 52 67 74 31 83 65 0 23 86 96 66 11 89 88 38 48 2 46 21 59 92 10 54 41 94 29 51 43 15 32 60 61 82 25 57
90
93 96 20 87 36 77 28 91 84 16 24 95 0 12 56 85 21 51 88 49 41 70 40 6 17 30 3 38 63 1 66 65 98 53 58 2 62 99 82 46 23 43 68 9 57 35 42 18 37 60 81 14 69 4 7 8 76 50 80 61 31 13 74 86 92 83 78 19 32 54 67 75 34 11 15 73 90 47 45 94 33 27 64 39 44 25 72 22 5 59
100
3 82 21 97 30 74 1 25 69 17 89 22 71 4 98 44 31 96 47 75 73 58 37 0 18 84 32 6 45 79 60 50 63 83 35 85 28 67 27 54 53 16 39 65 2 24 42 64 46 52 12 76 15 40 88 13 72 36 93 68 49 33 19 59 55 66 34 43 14 26 78 81 99 70 10 90 9 77 95 29 5 86 8 11 7 62 80 56 94 38 91 20 87 92 41 23 61 57 48 51
25
87 93 94 25 53 18 35 74 80 26 99 29 62 78 83 39 0 8 90 10 19 61 28 1 37
93
19 38 15 73 1 68 28 47 8 3 48 25 89 46 52 96 80 64 90 61 78 75 22 41 12 59 72 74 5 94 0 30 42 14 62 20 29 70 26 79 67 71 37 23 86 45 76 34 6 32 65 56 43 39 95 99 49 7 63 88 4 92 53 77 44 2 9 21 17 11 84 50 33 82 98 10 24 66 54 93 87 85 51 81 16 18 27 40 69 35 55 57 60
91
8 64 45 92 1 44 30 70 76 81 55 88 73 9 21 79 96 20 26 62 63 3 58 80 50 49 0 82 87 98 40 77 56 5 22 95 47 23 14 46 10 84 16 51 60 15 61 74 71 91 83 24 65 29 13 12 43 28 68 42 6 97 90 36 31 85 93 27 19 69 59 54 72 38 17 4 48 75 37 66 18 11 52 86 41 2 89 39 78 25 67
33
16 62 21 10 20 92 97 24 48 75 85 38 28 5 19 2 69 78 80 11 17 63 89 8 67 41 96 9 60 71 51 99 22
39
70 94 35 52 82 27 92 97 9 83 41 29 65 55 71 11 58 90 75 40 34 5 30 66 2 63 46 23 7 18 77 74 86 96 80 44 79 17 33
89
34 84 80 52 16 26 91 24 51 42 7 23 69 4 83 54 65 46 6 12 10 81 32 38 28 76 15 74 18 66 94 25 56 49 47 57 43 71 60 17 93 78 97 72 63 87 70 90 77 11 75 27 99 95 22 37 96 8 20 21 3 2 89 92 98 50 41 31 67 9 44 61 35 0 73 33 88 79 14 55 13 40 1 85 86 62 53 39 59
12
59 13 35 50 39 41 6 78 44 19 67 42
89
96 62 29 81 94 87 43 36 31 56 1 79 55 0 80 37 30 95 58 60 98 35 27 7 40 21 66 44 99 14 38 26 88 83 2 9 23 61 86 6 39 11 65 57 28 18 50 13 12 46 70 34 71 78 69 32 68 72 91 45 76 75 54 19 15 25 82 84 85 67 74 24 20 64 3 63 48 42 73 8 51 17 93 77 4 52 59 47 92
37
14 95 42 41 99 83 44 48 45 38 39 6 1 66 85 80 67 17 7 46 82 5 26 92 3 94 75 20 40 35 77 61 63 86 8 36 60
57
24 62 27 72 53 58 22 94 13 91 12 39 54 26 74 28 82 30 88 3 55 69 38 56 5 52 41 11 23 32 71 29 87 47 81 75 76 36 79 97 7 99 10 92 85 61 84 1 33 77 20 42 17 51 49 96 45
69
1 99 5 79 84 98 78 64 95 70 21 96 23 38 4 76 8 39 92 33 29 0 44 80 71 49 36 40 56 69 65 52 7 88 94 20 83 60 90 45 61 72 37 30 57 10 43 6 91 19 15 34 77 85 51 58 22 86 93 12 25 13 28 82 89 9 97 74 59
72
93 5 16 8 82 21 62 77 48 75 31 92 11 49 17 39 32 47 80 54 85 23 66 58 90 88 56 12 73 19 98 9 71 45 43 83 4 51 36 69 29 34 42 63 46 55 44 79 33 14 1 2 10 97 91 18 84 41 67 68 64 96 89 20 65 86 52 76 7 38 3 60
10
23 24 75 66 48 18 79 42 27 41
81
36 96 50 58 91 5 90 10 94 54 76 23 92 83 81 47 44 37 8 19 35 62 53 7 56 27 57 17 49 63 20 11 16 42 75 95 45 31 87 3 61 32 15 79 41 13 2 74 39 70 64 30 73 93 40 68 0 34 86 6 66 77 85 9 59 52 38 82 89 28 1 29 88 55 18 60 51 4 46 84 14
2
24 32
33
91 29 17 13 21 55 54 48 62 68 49 66 51 9 32 53 40 5 1 83 96 75 97 35 18 44 99 92 52 56 19 31 77
33
60 39 51 80 55 83 29 50 58 17 18 16 56 23 46 79 65 68 49 33 14 87 19 1 38 30 84 85 0 61 45 41 48
85
93 4 18 35 76 16 74 30 39 46 81 94 71 20 55 3 19 11 40 66 23 54 28 44 83 62 17 12 38 25 0 21 90 22 56 51 65 70 79 86 99 8 15 58 5 80 59 77 61 2 98 88 26 63 14 36 96 27 41 92 43 91 95 82 10 52 13 64 24 34 7 60 69 97 31 9 57 49 72 68 32 78 1 29 84
64
42 37 10 74 94 12 43 55 65 5 13 7 29 58 51 24 20 45 71 97 33 64 34 28 62 46 26 73 53 50 80 6 93 49 30 92 4 18 35 89 95 68 88 25 11 87 98 31 57 52 14 78 36 91 63 69 8 48 1 79 15 41 77 27
99
86 88 1 50 83 3 54 81 82 94 21 62 35 90 71 53 95 72 99 25 65 13 66 22 12 56 97 59 76 74 29 68 41 33 60 11 52 5 98 77 32 24 8 84 15 10 93 9 27 73 46 78 39 17 89 87 64 79 36 96 91 75 55 20 47 26 7 49 80 0 69 40 85 61 58 16 45 30 23 51 67 34 6 37 70 42 19 31 14 43 63 2 18 28 44 38 48 4 92
91
85 96 33 83 28 42 91 55 78 67 72 10 8 20 23 99 34 53 7 21 86 4 65 0 58 52 24 69 97 43 17 9 93 44 73 60 71 66 26 70 46 36 38 56 6 15 48 27 82 47 22 76 84 62 37 16 80 87 32 39 25 49 54 75 35 50 45 79 31 90 59 81 40 88 95 30 41 19 63 98 68 77 3 92 13 14 29 89 51 64 61
5
12 48 67 73 46
5
85 56 73 47 53
67
93 61 72 28 81 55 9 70 16 95 14 47 89 23 6 79 24 54 99 12 44 90 22 7 75 41 69 17 65 27 78 35 36 5 53 21 67 57 32 59 48 33 94 29 71 66 31 50 15 80 96 1 88 34 84 4 10 49 38 56 18 87 40 51 26 13 39
2
86 83
14
15 24 40 95 18 62 94 5 45 70 13 51 0 88
34
40 85 81 58 78 23 57 10 31 34 50 82 96 16 89 2 36 11 80 72 30 27 48 3 54 29 61 49 91 55 68 7 67 19
31
90 55 37 75 14 61 70 92 84 99 63 65 7 27 40 89 58 13 47 95 66 39 33 1 9 51 57 36 28 22 83
36
38 53 95 63 25 82 75 78 68 89 0 99 88 46 49 94 43 92 15 12 41 20 56 35 93 19 74 13 33 73 42 80 26 32 16 86
26
91 16 13 9 55 59 51 37 42 47 52 29 31 43 54 82 12 33 83 14 25 93 1 19 27 60
59
5 18 63 93 53 35 25 64 15 78 88 29 74 37 47 95 50 96 51 77 27 83 59 82 55 1 12 87 70 49 40 44 30 32 73 0 22 54 7 75 66 26 20 17 10 65 46 24 80 6 52 31 62 43 2 38 72 23 68
4
73 50 5 87
26
83 80 59 53 93 39 8 94 38 37 0 17 66 45 20 86 54 21 46 24 2 35 55 87 43 75
84
2 23 1 27 69 78 57 17 44 9 90 94 40 5 55 74 82 13 14 49 26 99 63 35 88 54 91 77 34 85 6 28 75 60 65 4 30 32 42 92 16 38 29 15 76 50 39 0 59 8 52 53 58 45 80 11 96 19 7 37 98 67 89 12 73 95 48 83 10 3 72 43 36 47 70 81 56 87 62 66 33 79 51 93
72
53 51 19 73 56 82 70 22 1 46 36 8 76 99 63 98 14 39 40 94 12 58 93 64 52 88 89 28 81 67 61 18 87 9 3 30 57 11 31 69 75 85 62 45 55 35 21 44 47 29 92 83 65 6 41 2 74 60 97 95 96 54 91 49 10 7 5 0 43 80 25 33
49
5 54 85 81 29 51 94 0 16 57 99 91 42 55 30 1 92 64 84 66 34 93 44 8 61 19 18 71 53 75 98 12 7 89 78 74 59 2 25 76 38 24 79 96 26 33 90 35 77
47
45 13 26 65 95 80 76 64 51 32 90 3 58 66 14 74 53 47 78 63 33 54 39 75 73 11 16 70 22 42 48 44 71 55 12 93 43 17 37 88 8 1 4 40 0 61 50
43
47 95 38 22 20 50 93 84 77 27 71 32 94 49 26 53 5 19 29 64 69 46 72 73 55 88 7 30 57 81 3 25 97 54 23 8 85 59 63 2 67 62 79
17
44 20 36 45 14 23 81 74 76 61 97 43 92 42 10 86 35
100
80 30 67 84 70 95 24 48 19 14 34 88 68 69 76 35 43 57 8 72 87 50 46 45 92 60 83 9 86 54 0 61 56 96 38 79 62 7 39 40 20 65 77 4 26 13 11 89 37 81 53 2 41 82 10 73 71 55 90 29 52 59 74 16 28 93 63 15 47 27 33 1 78 22 42 94 98 31 91 97 64 3 99 18 32 44 36 85 6 66 21 58 12 25 51 23 17 75 5 49
1
1 1
1 1 1
1 1 1 1
1 1 1 1 1
1 1 1 1 1 1
1 1 1 1 1 1 1
1 1 1 1 1 1 1 1
1 1 1 1 1 1 1 1 1
1 1 1 1 1 1 1 1 1 1
1 1 1 1 1 1 1 1 1 1 1
1 1 1 1 1 1 1 1 1 1 1 1
1 1 1 1 1 1 1 1 1 1 1 1 1
1 1 1 1 1 1 1 1 1 1 1 1 1 1
1 1 1 1 1 1 1 1 1 1 1 1 1 1 1
1 1 1 1 1 1 1 1 1 1 1 1 1 1 1 1
1 1 1 1 1 1 1 1 1 1 1 1 1 1 1 1 1
1 1 1 1 1 1 1 1 1 1 1 1 1 1 1 1 1 1
1 1 1 1 1 1 1 1 1 1 1 1 1 1 1 1 1 1 1
1 1 1 1 1 1 1 1 1 1 1 1 1 1 1 1 1 1 1 1
1 1 1 1 1 1 1 1 1 1 1 1 1 1 1 1 1 1 1 1 1
1 1 1 1 1 1 1 1 1 1 1 1 1 1 1 1 1 1 1 1 1 1
1 1 1 1 1 1 1 1 1 1 1 1 1 1 1 1 1 1 1 1 1 1 1
1 1 1 1 1 1 1 1 1 1 1 1 1 1 1 1 1 1 1 1 1 1 1 1
1 1 1 1 1 1 1 1 1 1 1 1 1 1 1 1 1 1 1 1 1 1 1 1 1
1 1 1 1 1 1 1 1 1 1 1 1 1 1 1 1 1 1 1 1 1 1 1 1 1 1
1 1 1 1 1 1 1 1 1 1 1 1 1 1 1 1 1 1 1 1 1 1 1 1 1 1 1
1 1 1 1 1 1 1 1 1 1 1 1 1 1 1 1 1 1 1 1 1 1 1 1 1 1 1 1
1 1 1 1 1 1 1 1 1 1 1 1 1 1 1 1 1 1 1 1 1 1 1 1 1 1 1 1 1
1 1 1 1 1 1 1 1 1 1 1 1 1 1 1 1 1 1 1 1 1 1 1 1 1 1 1 1 1 1
1 1 1 1 1 1 1 1 1 1 1 1 1 1 1 1 1 1 1 1 1 1 1 1 1 1 1 1 1 1 1
1 1 1 1 1 1 1 1 1 1 1 1 1 1 1 1 1 1 1 1 1 1 1 1 1 1 1 1 1 1 1 1
1 1 1 1 1 1 1 1 1 1 1 1 1 1 1 1 1 1 1 1 1 1 1 1 1 1 1 1 1 1 1 1 1
1 1 1 1 1 1 1 1 1 1 1 1 1 1 1 1 1 1 1 1 1 1 1 1 1 1 1 1 1 1 1 1 1 1
1 1 1 1 1 1 1 1 1 1 1 1 1 1 1 1 1 1 1 1 1 1 1 1 1 1 1 1 1 1 1 1 1 1 1
1 1 1 1 1 1 1 1 1 1 1 1 1 1 1 1 1 1 1 1 1 1 1 1 1 1 1 1 1 1 1 1 1 1 1 1
1 1 1 1 1 1 1 1 1 1 1 1 1 1 1 1 1 1 1 1 1 1 1 1 1 1 1 1 1 1 1 1 1 1 1 1 1
1 1 1 1 1 1 1 1 1 1 1 1 1 1 1 1 1 1 1 1 1 1 1 1 1 1 1 1 1 1 1 1 1 1 1 1 1 1
1 1 1 1 1 1 1 1 1 1 1 1 1 1 1 1 1 1 1 1 1 1 1 1 1 1 1 1 1 1 1 1 1 1 1 1 1 1 1
1 1 1 1 1 1 1 1 1 1 1 1 1 1 1 1 1 1 1 1 1 1 1 1 1 1 1 1 1 1 1 1 1 1 1 1 1 1 1 1
1 1 1 1 1 1 1 1 1 1 1 1 1 1 1 1 1 1 1 1 1 1 1 1 1 1 1 1 1 1 1 1 1 1 1 1 1 1 1 1 1
1 1 1 1 1 1 1 1 1 1 1 1 1 1 1 1 1 1 1 1 1 1 1 1 1 1 1 1 1 1 1 1 1 1 1 1 1 1 1 1 1 1
1 1 1 1 1 1 1 1 1 1 1 1 1 1 1 1 1 1 1 1 1 1 1 1 1 1 1 1 1 1 1 1 1 1 1 1 1 1 1 1 1 1 1
1 1 1 1 1 1 1 1 1 1 1 1 1 1 1 1 1 1 1 1 1 1 1 1 1 1 1 1 1 1 1 1 1 1 1 1 1 1 1 1 1 1 1 1
1 1 1 1 1 1 1 1 1 1 1 1 1 1 1 1 1 1 1 1 1 1 1 1 1 1 1 1 1 1 1 1 1 1 1 1 1 1 1 1 1 1 1 1 1
1 1 1 1 1 1 1 1 1 1 1 1 1 1 1 1 1 1 1 1 1 1 1 1 1 1 1 1 1 1 1 1 1 1 1 1 1 1 1 1 1 1 1 1 1 1
1 1 1 1 1 1 1 1 1 1 1 1 1 1 1 1 1 1 1 1 1 1 1 1 1 1 1 1 1 1 1 1 1 1 1 1 1 1 1 1 1 1 1 1 1 1 1
1 1 1 1 1 1 1 1 1 1 1 1 1 1 1 1 1 1 1 1 1 1 1 1 1 1 1 1 1 1 1 1 1 1 1 1 1 1 1 1 1 1 1 1 1 1 1 1
1 1 1 1 1 1 1 1 1 1 1 1 1 1 1 1 1 1 1 1 1 1 1 1 1 1 1 1 1 1 1 1 1 1 1 1 1 1 1 1 1 1 1 1 1 1 1 1 1
1 1 1 1 1 1 1 1 1 1 1 1 1 1 1 1 1 1 1 1 1 1 1 1 1 1 1 1 1 1 1 1 1 1 1 1 1 1 1 1 1 1 1 1 1 1 1 1 1 1
1 1 1 1 1 1 1 1 1 1 1 1 1 1 1 1 1 1 1 1 1 1 1 1 1 1 1 1 1 1 1 1 1 1 1 1 1 1 1 1 1 1 1 1 1 1 1 1 1 1 1
1 1 1 1 1 1 1 1 1 1 1 1 1 1 1 1 1 1 1 1 1 1 1 1 1 1 1 1 1 1 1 1 1 1 1 1 1 1 1 1 1 1 1 1 1 1 1 1 1 1 1 1
1 1 1 1 1 1 1 1 1 1 1 1 1 1 1 1 1 1 1 1 1 1 1 1 1 1 1 1 1 1 1 1 1 1 1 1 1 1 1 1 1 1 1 1 1 1 1 1 1 1 1 1 1
1 1 1 1 1 1 1 1 1 1 1 1 1 1 1 1 1 1 1 1 1 1 1 1 1 1 1 1 1 1 1 1 1 1 1 1 1 1 1 1 1 1 1 1 1 1 1 1 1 1 1 1 1 1
1 1 1 1 1 1 1 1 1 1 1 1 1 1 1 1 1 1 1 1 1 1 1 1 1 1 1 1 1 1 1 1 1 1 1 1 1 1 1 1 1 1 1 1 1 1 1 1 1 1 1 1 1 1 1
1 1 1 1 1 1 1 1 1 1 1 1 1 1 1 1 1 1 1 1 1 1 1 1 1 1 1 1 1 1 1 1 1 1 1 1 1 1 1 1 1 1 1 1 1 1 1 1 1 1 1 1 1 1 1 1
1 1 1 1 1 1 1 1 1 1 1 1 1 1 1 1 1 1 1 1 1 1 1 1 1 1 1 1 1 1 1 1 1 1 1 1 1 1 1 1 1 1 1 1 1 1 1 1 1 1 1 1 1 1 1 1 1
1 1 1 1 1 1 1 1 1 1 1 1 1 1 1 1 1 1 1 1 1 1 1 1 1 1 1 1 1 1 1 1 1 1 1 1 1 1 1 1 1 1 1 1 1 1 1 1 1 1 1 1 1 1 1 1 1 1
1 1 1 1 1 1 1 1 1 1 1 1 1 1 1 1 1 1 1 1 1 1 1 1 1 1 1 1 1 1 1 1 1 1 1 1 1 1 1 1 1 1 1 1 1 1 1 1 1 1 1 1 1 1 1 1 1 1 1
1 1 1 1 1 1 1 1 1 1 1 1 1 1 1 1 1 1 1 1 1 1 1 1 1 1 1 1 1 1 1 1 1 1 1 1 1 1 1 1 1 1 1 1 1 1 1 1 1 1 1 1 1 1 1 1 1 1 1 1
1 1 1 1 1 1 1 1 1 1 1 1 1 1 1 1 1 1 1 1 1 1 1 1 1 1 1 1 1 1 1 1 1 1 1 1 1 1 1 1 1 1 1 1 1 1 1 1 1 1 1 1 1 1 1 1 1 1 1 1 1
1 1 1 1 1 1 1 1 1 1 1 1 1 1 1 1 1 1 1 1 1 1 1 1 1 1 1 1 1 1 1 1 1 1 1 1 1 1 1 1 1 1 1 1 1 1 1 1 1 1 1 1 1 1 1 1 1 1 1 1 1 1
1 1 1 1 1 1 1 1 1 1 1 1 1 1 1 1 1 1 1 1 1 1 1 1 1 1 1 1 1 1 1 1 1 1 1 1 1 1 1 1 1 1 1 1 1 1 1 1 1 1 1 1 1 1 1 1 1 1 1 1 1 1 1
1 1 1 1 1 1 1 1 1 1 1 1 1 1 1 1 1 1 1 1 1 1 1 1 1 1 1 1 1 1 1 1 1 1 1 1 1 1 1 1 1 1 1 1 1 1 1 1 1 1 1 1 1 1 1 1 1 1 1 1 1 1 1 1
1 1 1 1 1 1 1 1 1 1 1 1 1 1 1 1 1 1 1 1 1 1 1 1 1 1 1 1 1 1 1 1 1 1 1 1 1 1 1 1 1 1 1 1 1 1 1 1 1 1 1 1 1 1 1 1 1 1 1 1 1 1 1 1 1
1 1 1 1 1 1 1 1 1 1 1 1 1 1 1 1 1 1 1 1 1 1 1 1 1 1 1 1 1 1 1 1 1 1 1 1 1 1 1 1 1 1 1 1 1 1 1 1 1 1 1 1 1 1 1 1 1 1 1 1 1 1 1 1 1 1
1 1 1 1 1 1 1 1 1 1 1 1 1 1 1 1 1 1 1 1 1 1 1 1 1 1 1 1 1 1 1 1 1 1 1 1 1 1 1 1 1 1 1 1 1 1 1 1 1 1 1 1 1 1 1 1 1 1 1 1 1 1 1 1 1 1 1
1 1 1 1 1 1 1 1 1 1 1 1 1 1 1 1 1 1 1 1 1 1 1 1 1 1 1 1 1 1 1 1 1 1 1 1 1 1 1 1 1 1 1 1 1 1 1 1 1 1 1 1 1 1 1 1 1 1 1 1 1 1 1 1 1 1 1 1
1 1 1 1 1 1 1 1 1 1 1 1 1 1 1 1 1 1 1 1 1 1 1 1 1 1 1 1 1 1 1 1 1 1 1 1 1 1 1 1 1 1 1 1 1 1 1 1 1 1 1 1 1 1 1 1 1 1 1 1 1 1 1 1 1 1 1 1 1
1 1 1 1 1 1 1 1 1 1 1 1 1 1 1 1 1 1 1 1 1 1 1 1 1 1 1 1 1 1 1 1 1 1 1 1 1 1 1 1 1 1 1 1 1 1 1 1 1 1 1 1 1 1 1 1 1 1 1 1 1 1 1 1 1 1 1 1 1 1
1 1 1 1 1 1 1 1 1 1 1 1 1 1 1 1 1 1 1 1 1 1 1 1 1 1 1 1 1 1 1 1 1 1 1 1 1 1 1 1 1 1 1 1 1 1 1 1 1 1 1 1 1 1 1 1 1 1 1 1 1 1 1 1 1 1 1 1 1 1 1
1 1 1 1 1 1 1 1 1 1 1 1 1 1 1 1 1 1 1 1 1 1 1 1 1 1 1 1 1 1 1 1 1 1 1 1 1 1 1 1 1 1 1 1 1 1 1 1 1 1 1 1 1 1 1 1 1 1 1 1 1 1 1 1 1 1 1 1 1 1 1 1
1 1 1 1 1 1 1 1 1 1 1 1 1 1 1 1 1 1 1 1 1 1 1 1 1 1 1 1 1 1 1 1 1 1 1 1 1 1 1 1 1 1 1 1 1 1 1 1 1 1 1 1 1 1 1 1 1 1 1 1 1 1 1 1 1 1 1 1 1 1 1 1 1
1 1 1 1 1 1 1 1 1 1 1 1 1 1 1 1 1 1 1 1 1 1 1 1 1 1 1 1 1 1 1 1 1 1 1 1 1 1 1 1 1 1 1 1 1 1 1 1 1 1 1 1 1 1 1 1 1 1 1 1 1 1 1 1 1 1 1 1 1 1 1 1 1 1
1 1 1 1 1 1 1 1 1 1 1 1 1 1 1 1 1 1 1 1 1 1 1 1 1 1 1 1 1 1 1 1 1 1 1 1 1 1 1 1 1 1 1 1 1 1 1 1 1 1 1 1 1 1 1 1 1 1 1 1 1 1 1 1 1 1 1 1 1 1 1 1 1 1 1
1 1 1 1 1 1 1 1 1 1 1 1 1 1 1 1 1 1 1 1 1 1 1 1 1 1 1 1 1 1 1 1 1 1 1 1 1 1 1 1 1 1 1 1 1 1 1 1 1 1 1 1 1 1 1 1 1 1 1 1 1 1 1 1 1 1 1 1 1 1 1 1 1 1 1 1
1 1 1 1 1 1 1 1 1 1 1 1 1 1 1 1 1 1 1 1 1 1 1 1 1 1 1 1 1 1 1 1 1 1 1 1 1 1 1 1 1 1 1 1 1 1 1 1 1 1 1 1 1 1 1 1 1 1 1 1 1 1 1 1 1 1 1 1 1 1 1 1 1 1 1 1 1
1 1 1 1 1 1 1 1 1 1 1 1 1 1 1 1 1 1 1 1 1 1 1 1 1 1 1 1 1 1 1 1 1 1 1 1 1 1 1 1 1 1 1 1 1 1 1 1 1 1 1 1 1 1 1 1 1 1 1 1 1 1 1 1 1 1 1 1 1 1 1 1 1 1 1 1 1 1
1 1 1 1 1 1 1 1 1 1 1 1 1 1 1 1 1 1 1 1 1 1 1 1 1 1 1 1 1 1 1 1 1 1 1 1 1 1 1 1 1 1 1 1 1 1 1 1 1 1 1 1 1 1 1 1 1 1 1 1 1 1 1 1 1 1 1 1 1 1 1 1 1 1 1 1 1 1 1
1 1 1 1 1 1 1 1 1 1 1 1 1 1 1 1 1 1 1 1 1 1 1 1 1 1 1 1 1 1 1 1 1 1 1 1 1 1 1 1 1 1 1 1 1 1 1 1 1 1 1 1 1 1 1 1 1 1 1 1 1 1 1 1 1 1 1 1 1 1 1 1 1 1 1 1 1 1 1 1
1 1 1 1 1 1 1 1 1 1 1 1 1 1 1 1 1 1 1 1 1 1 1 1 1 1 1 1 1 1 1 1 1 1 1 1 1 1 1 1 1 1 1 1 1 1 1 1 1 1 1 1 1 1 1 1 1 1 1 1 1 1 1 1 1 1 1 1 1 1 1 1 1 1 1 1 1 1 1 1 1
1 1 1 1 1 1 1 1 1 1 1 1 1 1 1 1 1 1 1 1 1 1 1 1 1 1 1 1 1 1 1 1 1 1 1 1 1 1 1 1 1 1 1 1 1 1 1 1 1 1 1 1 1 1 1 1 1 1 1 1 1 1 1 1 1 1 1 1 1 1 1 1 1 1 1 1 1 1 1 1 1 1
1 1 1 1 1 1 1 1 1 1 1 1 1 1 1 1 1 1 1 1 1 1 1 1 1 1 1 1 1 1 1 1 1 1 1 1 1 1 1 1 1 1 1 1 1 1 1 1 1 1 1 1 1 1 1 1 1 1 1 1 1 1 1 1 1 1 1 1 1 1 1 1 1 1 1 1 1 1 1 1 1 1 1
1 1 1 1 1 1 1 1 1 1 1 1 1 1 1 1 1 1 1 1 1 1 1 1 1 1 1 1 1 1 1 1 1 1 1 1 1 1 1 1 1 1 1 1 1 1 1 1 1 1 1 1 1 1 1 1 1 1 1 1 1 1 1 1 1 1 1 1 1 1 1 1 1 1 1 1 1 1 1 1 1 1 1 1
1 1 1 1 1 1 1 1 1 1 1 1 1 1 1 1 1 1 1 1 1 1 1 1 1 1 1 1 1 1 1 1 1 1 1 1 1 1 1 1 1 1 1 1 1 1 1 1 1 1 1 1 1 1 1 1 1 1 1 1 1 1 1 1 1 1 1 1 1 1 1 1 1 1 1 1 1 1 1 1 1 1 1 1 1
1 1 1 1 1 1 1 1 1 1 1 1 1 1 1 1 1 1 1 1 1 1 1 1 1 1 1 1 1 1 1 1 1 1 1 1 1 1 1 1 1 1 1 1 1 1 1 1 1 1 1 1 1 1 1 1 1 1 1 1 1 1 1 1 1 1 1 1 1 1 1 1 1 1 1 1 1 1 1 1 1 1 1 1 1 1
1 1 1 1 1 1 1 1 1 1 1 1 1 1 1 1 1 1 1 1 1 1 1 1 1 1 1 1 1 1 1 1 1 1 1 1 1 1 1 1 1 1 1 1 1 1 1 1 1 1 1 1 1 1 1 1 1 1 1 1 1 1 1 1 1 1 1 1 1 1 1 1 1 1 1 1 1 1 1 1 1 1 1 1 1 1 1
1 1 1 1 1 1 1 1 1 1 1 1 1 1 1 1 1 1 1 1 1 1 1 1 1 1 1 1 1 1 1 1 1 1 1 1 1 1 1 1 1 1 1 1 1 1 1 1 1 1 1 1 1 1 1 1 1 1 1 1 1 1 1 1 1 1 1 1 1 1 1 1 1 1 1 1 1 1 1 1 1 1 1 1 1 1 1 1
1 1 1 1 1 1 1 1 1 1 1 1 1 1 1 1 1 1 1 1 1 1 1 1 1 1 1 1 1 1 1 1 1 1 1 1 1 1 1 1 1 1 1 1 1 1 1 1 1 1 1 1 1 1 1 1 1 1 1 1 1 1 1 1 1 1 1 1 1 1 1 1 1 1 1 1 1 1 1 1 1 1 1 1 1 1 1 1 1
1 1 1 1 1 1 1 1 1 1 1 1 1 1 1 1 1 1 1 1 1 1 1 1 1 1 1 1 1 1 1 1 1 1 1 1 1 1 1 1 1 1 1 1 1 1 1 1 1 1 1 1 1 1 1 1 1 1 1 1 1 1 1 1 1 1 1 1 1 1 1 1 1 1 1 1 1 1 1 1 1 1 1 1 1 1 1 1 1 1
1 1 1 1 1 1 1 1 1 1 1 1 1 1 1 1 1 1 1 1 1 1 1 1 1 1 1 1 1 1 1 1 1 1 1 1 1 1 1 1 1 1 1 1 1 1 1 1 1 1 1 1 1 1 1 1 1 1 1 1 1 1 1 1 1 1 1 1 1 1 1 1 1 1 1 1 1 1 1 1 1 1 1 1 1 1 1 1 1 1 1
1 1 1 1 1 1 1 1 1 1 1 1 1 1 1 1 1 1 1 1 1 1 1 1 1 1 1 1 1 1 1 1 1 1 1 1 1 1 1 1 1 1 1 1 1 1 1 1 1 1 1 1 1 1 1 1 1 1 1 1 1 1 1 1 1 1 1 1 1 1 1 1 1 1 1 1 1 1 1 1 1 1 1 1 1 1 1 1 1 1 1 1
1 1 1 1 1 1 1 1 1 1 1 1 1 1 1 1 1 1 1 1 1 1 1 1 1 1 1 1 1 1 1 1 1 1 1 1 1 1 1 1 1 1 1 1 1 1 1 1 1 1 1 1 1 1 1 1 1 1 1 1 1 1 1 1 1 1 1 1 1 1 1 1 1 1 1 1 1 1 1 1 1 1 1 1 1 1 1 1 1 1 1 1 1
1 1 1 1 1 1 1 1 1 1 1 1 1 1 1 1 1 1 1 1 1 1 1 1 1 1 1 1 1 1 1 1 1 1 1 1 1 1 1 1 1 1 1 1 1 1 1 1 1 1 1 1 1 1 1 1 1 1 1 1 1 1 1 1 1 1 1 1 1 1 1 1 1 1 1 1 1 1 1 1 1 1 1 1 1 1 1 1 1 1 1 1 1 1
1 1 1 1 1 1 1 1 1 1 1 1 1 1 1 1 1 1 1 1 1 1 1 1 1 1 1 1 1 1 1 1 1 1 1 1 1 1 1 1 1 1 1 1 1 1 1 1 1 1 1 1 1 1 1 1 1 1 1 1 1 1 1 1 1 1 1 1 1 1 1 1 1 1 1 1 1 1 1 1 1 1 1 1 1 1 1 1 1 1 1 1 1 1 1
1 1 1 1 1 1 1 1 1 1 1 1 1 1 1 1 1 1 1 1 1 1 1 1 1 1 1 1 1 1 1 1 1 1 1 1 1 1 1 1 1 1 1 1 1 1 1 1 1 1 1 1 1 1 1 1 1 1 1 1 1 1 1 1 1 1 1 1 1 1 1 1 1 1 1 1 1 1 1 1 1 1 1 1 1 1 1 1 1 1 1 1 1 1 1 1
1 1 1 1 1 1 1 1 1 1 1 1 1 1 1 1 1 1 1 1 1 1 1 1 1 1 1 1 1 1 1 1 1 1 1 1 1 1 1 1 1 1 1 1 1 1 1 1 1 1 1 1 1 1 1 1 1 1 1 1 1 1 1 1 1 1 1 1 1 1 1 1 1 1 1 1 1 1 1 1 1 1 1 1 1 1 1 1 1 1 1 1 1 1 1 1 1
1 1 1 1 1 1 1 1 1 1 1 1 1 1 1 1 1 1 1 1 1 1 1 1 1 1 1 1 1 1 1 1 1 1 1 1 1 1 1 1 1 1 1 1 1 1 1 1 1 1 1 1 1 1 1 1 1 1 1 1 1 1 1 1 1 1 1 1 1 1 1 1 1 1 1 1 1 1 1 1 1 1 1 1 1 1 1 1 1 1 1 1 1 1 1 1 1 1
1 1 1 1 1 1 1 1 1 1 1 1 1 1 1 1 1 1 1 1 1 1 1 1 1 1 1 1 1 1 1 1 1 1 1 1 1 1 1 1 1 1 1 1 1 1 1 1 1 1 1 1 1 1 1 1 1 1 1 1 1 1 1 1 1 1 1 1 1 1 1 1 1 1 1 1 1 1 1 1 1 1 1 1 1 1 1 1 1 1 1 1 1 1 1 1 1 1 1
